59
Vertices
0
1
2
3
4
5
6
7
8
9
10
11
12
13
14
15
16
17
18
19
20
21
22
23
24
25
26
27
28
29
30
31
32
33
34
35
36
37
38
39
40
41
42
43
44
45
46
47
48
49
50
51
52
53
54
55
56
57
58
59
60
61
62
63
64
65
66
67
68
69
70
71
72
73
74
75
76
77
78
79
80
81
82
83
84
85
86
87
88
89
90
91
92
93
94
95
96
97
98
99
100
101
102
103
104
105
106
107
108
109
110
111
112
113
114
115
116
117
118
119
120
121
122
123
124
125
126
Edges
0 68
1 68
2 68
3 68
4 68
5 68
6 68
11 68
12 68
13 68
15 68
17 68
18 68
19 68
21 68
22 68
24 68
27 68
28 68
31 68
32 68
34 68
35 68
36 68
37 68
41 68
42 68
43 68
45 68
46 68
48 68
50 68
51 68
52 68
54 68
55 68
56 68
57 68
59 68
65 68
67 68
0 69
1 69
2 69
5 69
6 69
9 69
10 69
13 69
15 69
17 69
18 69
19 69
20 69
21 69
22 69
23 69
24 69
27 69
28 69
29 69
30 69
32 69
33 69
34 69
35 69
36 69
37 69
38 69
42 69
43 69
44 69
49 69
50 69
51 69
52 69
54 69
55 69
56 69
57 69
58 69
61 69
62 69
63 69
66 69
67 69
0 70
4 70
8 70
9 70
12 70
15 70
16 70
17 70
21 70
22 70
27 70
29 70
30 70
32 70
33 70
35 70
36 70
37 70
38 70
39 70
40 70
41 70
42 70
43 70
44 70
45 70
46 70
50 70
51 70
52 70
54 70
56 70
58 70
59 70
61 70
65 70
66 70
67 70
0 71
1 71
3 71
4 71
6 71
9 71
10 71
13 71
15 71
16 71
17 71
18 71
19 71
20 71
21 71
23 71
24 71
25 71
33 71
35 71
37 71
39 71
41 71
42 71
44 71
45 71
47 71
48 71
51 71
52 71
54 71
56 71
57 71
58 71
59 71
60 71
62 71
63 71
2 72
3 72
4 72
5 72
8 72
10 72
11 72
15 72
16 72
17 72
20 72
22 72
23 72
25 72
26 72
27 72
29 72
30 72
31 72
33 72
35 72
40 72
41 72
42 72
44 72
45 72
47 72
49 72
50 72
53 72
54 72
55 72
57 72
59 72
60 72
61 72
62 72
65 72
67 72
0 73
1 73
2 73
3 73
6 73
7 73
9 73
11 73
12 73
13 73
15 73
20 73
21 73
23 73
24 73
27 73
28 73
32 73
33 73
34 73
35 73
38 73
39 73
43 73
44 73
45 73
47 73
50 73
55 73
56 73
57 73
58 73
59 73
60 73
61 73
62 73
63 73
64 73
65 73
67 73
0 74
2 74
3 74
4 74
5 74
7 74
10 74
12 74
13 74
15 74
16 74
17 74
18 74
20 74
21 74
25 74
28 74
29 74
32 74
34 74
35 74
42 74
43 74
44 74
45 74
46 74
47 74
49 74
54 74
55 74
58 74
64 74
67 74
0 75
1 75
2 75
6 75
8 75
9 75
10 75
11 75
12 75
13 75
14 75
15 75
16 75
17 75
18 75
19 75
20 75
21 75
22 75
24 75
25 75
26 75
27 75
28 75
29 75
30 75
31 75
34 75
39 75
40 75
41 75
43 75
44 75
46 75
47 75
50 75
51 75
54 75
57 75
58 75
59 75
60 75
65 75
66 75
0 76
1 76
2 76
4 76
8 76
10 76
15 76
16 76
18 76
20 76
21 76
22 76
23 76
26 76
27 76
30 76
32 76
33 76
34 76
35 76
36 76
38 76
39 76
40 76
41 76
43 76
44 76
45 76
46 76
51 76
52 76
54 76
55 76
56 76
57 76
58 76
60 76
62 76
63 76
65 76
66 76
0 77
1 77
2 77
3 77
4 77
5 77
6 77
8 77
9 77
10 77
11 77
12 77
14 77
16 77
17 77
19 77
20 77
23 77
24 77
26 77
27 77
28 77
30 77
31 77
33 77
34 77
36 77
38 77
39 77
40 77
41 77
43 77
46 77
49 77
52 77
56 77
57 77
58 77
62 77
63 77
65 77
67 77
0 78
1 78
5 78
6 78
8 78
10 78
11 78
13 78
14 78
15 78
16 78
17 78
18 78
20 78
22 78
25 78
27 78
28 78
29 78
30 78
33 78
34 78
36 78
37 78
38 78
41 78
42 78
45 78
46 78
47 78
48 78
53 78
54 78
56 78
57 78
61 78
65 78
67 78
0 79
1 79
2 79
3 79
4 79
7 79
9 79
10 79
11 79
12 79
13 79
14 79
15 79
16 79
18 79
19 79
20 79
22 79
23 79
24 79
25 79
26 79
27 79
29 79
34 79
35 79
36 79
37 79
38 79
40 79
42 79
43 79
44 79
46 79
48 79
49 79
50 79
52 79
53 79
54 79
58 79
59 79
61 79
62 79
63 79
64 79
65 79
1 80
4 80
5 80
7 80
11 80
12 80
13 80
14 80
16 80
17 80
19 80
20 80
21 80
23 80
25 80
26 80
28 80
29 80
30 80
31 80
32 80
34 80
36 80
37 80
38 80
40 80
41 80
45 80
46 80
48 80
50 80
51 80
52 80
53 80
57 80
58 80
59 80
64 80
65 80
66 80
0 81
1 81
2 81
4 81
8 81
9 81
11 81
16 81
17 81
18 81
19 81
20 81
21 81
25 81
26 81
27 81
29 81
30 81
32 81
33 81
35 81
36 81
38 81
39 81
40 81
41 81
43 81
47 81
48 81
49 81
50 81
51 81
58 81
59 81
60 81
64 81
65 81
67 81
0 82
1 82
2 82
4 82
5 82
6 82
9 82
10 82
11 82
12 82
13 82
14 82
15 82
16 82
17 82
18 82
19 82
23 82
24 82
25 82
26 82
33 82
36 82
37 82
39 82
40 82
41 82
44 82
45 82
46 82
47 82
48 82
49 82
50 82
52 82
53 82
54 82
56 82
57 82
59 82
61 82
62 82
64 82
65 82
66 82
67 82
0 83
1 83
4 83
9 83
10 83
11 83
15 83
16 83
18 83
20 83
22 83
24 83
26 83
28 83
31 83
32 83
33 83
34 83
35 83
36 83
37 83
39 83
41 83
42 83
43 83
44 83
45 83
46 83
48 83
49 83
50 83
51 83
52 83
53 83
54 83
55 83
56 83
57 83
61 83
62 83
63 83
64 83
65 83
66 83
67 83
1 84
7 84
8 84
9 84
10 84
13 84
15 84
16 84
17 84
21 84
22 84
24 84
25 84
29 84
30 84
31 84
32 84
34 84
36 84
37 84
39 84
40 84
41 84
42 84
43 84
44 84
47 84
48 84
49 84
51 84
53 84
54 84
55 84
56 84
57 84
61 84
62 84
63 84
64 84
67 84
0 85
1 85
2 85
3 85
4 85
5 85
6 85
7 85
8 85
9 85
10 85
11 85
12 85
13 85
17 85
18 85
20 85
24 85
25 85
26 85
28 85
32 85
33 85
35 85
37 85
38 85
39 85
40 85
41 85
42 85
43 85
46 85
48 85
49 85
50 85
55 85
56 85
57 85
58 85
60 85
61 85
64 85
65 85
67 85
0 86
1 86
2 86
3 86
5 86
8 86
11 86
12 86
13 86
17 86
19 86
20 86
25 86
26 86
29 86
32 86
34 86
35 86
38 86
40 86
42 86
44 86
47 86
48 86
51 86
52 86
53 86
54 86
55 86
56 86
57 86
58 86
59 86
60 86
62 86
64 86
67 86
0 87
2 87
3 87
6 87
7 87
8 87
9 87
12 87
13 87
16 87
25 87
26 87
27 87
28 87
29 87
32 87
34 87
36 87
38 87
39 87
41 87
43 87
44 87
45 87
46 87
47 87
49 87
51 87
52 87
53 87
55 87
57 87
59 87
60 87
63 87
67 87
0 88
1 88
2 88
3 88
5 88
7 88
9 88
10 88
15 88
19 88
20 88
23 88
24 88
25 88
26 88
27 88
28 88
32 88
33 88
34 88
36 88
37 88
38 88
39 88
40 88
41 88
42 88
44 88
46 88
47 88
48 88
49 88
50 88
53 88
54 88
55 88
60 88
61 88
62 88
63 88
64 88
65 88
66 88
0 89
1 89
2 89
3 89
5 89
6 89
8 89
9 89
10 89
11 89
12 89
15 89
17 89
18 89
20 89
21 89
22 89
23 89
24 89
25 89
29 89
33 89
34 89
35 89
36 89
37 89
39 89
41 89
42 89
44 89
47 89
48 89
49 89
52 89
55 89
57 89
59 89
60 89
62 89
63 89
66 89
67 89
0 90
2 90
3 90
4 90
5 90
6 90
7 90
8 90
12 90
15 90
17 90
18 90
19 90
22 90
27 90
29 90
30 90
33 90
34 90
35 90
36 90
38 90
39 90
42 90
45 90
47 90
48 90
49 90
50 90
53 90
54 90
57 90
58 90
59 90
60 90
61 90
63 90
66 90
67 90
0 91
1 91
2 91
3 91
4 91
5 91
6 91
7 91
10 91
11 91
12 91
13 91
14 91
16 91
17 91
18 91
20 91
21 91
22 91
24 91
25 91
26 91
27 91
28 91
30 91
31 91
39 91
40 91
41 91
42 91
43 91
45 91
47 91
48 91
50 91
51 91
52 91
53 91
54 91
55 91
56 91
58 91
59 91
60 91
61 91
62 91
63 91
64 91
66 91
0 92
1 92
2 92
4 92
5 92
6 92
9 92
12 92
13 92
14 92
15 92
16 92
17 92
18 92
19 92
20 92
22 92
24 92
26 92
27 92
30 92
32 92
33 92
35 92
36 92
38 92
39 92
40 92
41 92
42 92
44 92
45 92
47 92
48 92
49 92
50 92
52 92
53 92
55 92
56 92
59 92
62 92
63 92
64 92
65 92
0 93
2 93
4 93
6 93
7 93
8 93
9 93
10 93
11 93
15 93
16 93
17 93
18 93
20 93
23 93
24 93
25 93
27 93
29 93
30 93
32 93
33 93
34 93
35 93
37 93
38 93
39 93
42 93
43 93
45 93
46 93
48 93
49 93
51 93
58 93
60 93
62 93
63 93
66 93
67 93
0 94
1 94
3 94
4 94
5 94
6 94
7 94
9 94
12 94
13 94
14 94
15 94
16 94
20 94
22 94
23 94
24 94
25 94
27 94
29 94
30 94
31 94
32 94
33 94
34 94
35 94
36 94
38 94
39 94
40 94
41 94
44 94
45 94
47 94
48 94
49 94
51 94
52 94
53 94
54 94
55 94
57 94
58 94
60 94
63 94
67 94
2 95
3 95
4 95
6 95
11 95
13 95
15 95
16 95
17 95
18 95
20 95
21 95
22 95
23 95
24 95
25 95
26 95
27 95
29 95
34 95
36 95
37 95
39 95
41 95
42 95
44 95
45 95
46 95
47 95
49 95
52 95
54 95
55 95
57 95
59 95
60 95
62 95
63 95
64 95
65 95
66 95
67 95
0 96
2 96
5 96
9 96
10 96
13 96
14 96
18 96
19 96
20 96
21 96
23 96
26 96
27 96
28 96
29 96
31 96
34 96
36 96
40 96
43 96
44 96
47 96
48 96
49 96
51 96
53 96
54 96
56 96
57 96
58 96
59 96
60 96
62 96
64 96
65 96
0 97
1 97
2 97
3 97
5 97
7 97
8 97
9 97
11 97
12 97
14 97
15 97
18 97
20 97
21 97
22 97
23 97
24 97
25 97
26 97
29 97
31 97
32 97
33 97
34 97
35 97
38 97
39 97
40 97
41 97
42 97
43 97
44 97
45 97
47 97
48 97
49 97
50 97
51 97
52 97
53 97
55 97
56 97
58 97
60 97
61 97
63 97
64 97
65 97
66 97
67 97
0 98
1 98
2 98
3 98
4 98
7 98
8 98
9 98
10 98
11 98
12 98
15 98
16 98
18 98
19 98
20 98
22 98
23 98
24 98
25 98
27 98
29 98
31 98
33 98
34 98
35 98
36 98
37 98
38 98
41 98
43 98
45 98
46 98
47 98
48 98
49 98
50 98
51 98
54 98
55 98
56 98
57 98
59 98
60 98
61 98
63 98
65 98
66 98
67 98
0 99
1 99
2 99
5 99
6 99
10 99
12 99
13 99
14 99
15 99
16 99
18 99
19 99
20 99
21 99
22 99
23 99
24 99
25 99
26 99
27 99
28 99
31 99
33 99
36 99
37 99
38 99
40 99
47 99
53 99
55 99
56 99
57 99
58 99
59 99
64 99
65 99
67 99
0 100
1 100
2 100
6 100
7 100
8 100
9 100
10 100
12 100
13 100
14 100
15 100
17 100
19 100
23 100
25 100
26 100
27 100
28 100
30 100
31 100
32 100
33 100
34 100
35 100
37 100
42 100
43 100
45 100
47 100
48 100
49 100
50 100
51 100
54 100
55 100
56 100
59 100
61 100
64 100
65 100
66 100
67 100
1 101
2 101
3 101
4 101
5 101
6 101
9 101
10 101
11 101
12 101
13 101
14 101
16 101
17 101
18 101
19 101
21 101
22 101
27 101
29 101
30 101
36 101
37 101
39 101
40 101
41 101
42 101
44 101
45 101
46 101
47 101
48 101
49 101
50 101
51 101
52 101
53 101
55 101
56 101
57 101
59 101
60 101
62 101
65 101
0 102
1 102
2 102
4 102
7 102
8 102
10 102
11 102
12 102
13 102
14 102
16 102
18 102
20 102
23 102
24 102
26 102
27 102
29 102
30 102
32 102
33 102
34 102
35 102
36 102
38 102
39 102
40 102
41 102
45 102
46 102
49 102
50 102
51 102
52 102
53 102
54 102
56 102
58 102
60 102
62 102
63 102
64 102
65 102
66 102
67 102
0 103
2 103
4 103
5 103
9 103
11 103
12 103
15 103
16 103
17 103
18 103
19 103
22 103
23 103
24 103
25 103
27 103
28 103
31 103
32 103
33 103
34 103
36 103
37 103
38 103
40 103
42 103
44 103
45 103
46 103
48 103
49 103
50 103
52 103
53 103
54 103
55 103
56 103
57 103
59 103
61 103
63 103
1 104
3 104
5 104
6 104
7 104
8 104
10 104
11 104
12 104
13 104
14 104
17 104
19 104
20 104
21 104
23 104
25 104
27 104
28 104
29 104
30 104
31 104
32 104
34 104
35 104
38 104
39 104
40 104
41 104
45 104
48 104
52 104
54 104
55 104
56 104
57 104
58 104
59 104
60 104
61 104
62 104
63 104
64 104
67 104
2 105
5 105
6 105
7 105
8 105
9 105
10 105
13 105
14 105
15 105
16 105
17 105
18 105
19 105
21 105
22 105
24 105
25 105
26 105
28 105
30 105
31 105
32 105
33 105
34 105
37 105
39 105
40 105
41 105
43 105
44 105
45 105
46 105
48 105
49 105
50 105
51 105
54 105
55 105
60 105
61 105
62 105
63 105
64 105
66 105
67 105
2 106
5 106
8 106
9 106
12 106
13 106
14 106
16 106
17 106
18 106
20 106
21 106
22 106
26 106
27 106
29 106
30 106
31 106
32 106
33 106
35 106
37 106
40 106
42 106
43 106
45 106
46 106
47 106
48 106
51 106
52 106
54 106
56 106
58 106
59 106
63 106
64 106
65 106
0 107
4 107
6 107
8 107
11 107
12 107
14 107
15 107
16 107
17 107
20 107
21 107
22 107
24 107
25 107
26 107
28 107
30 107
33 107
35 107
36 107
38 107
40 107
42 107
43 107
44 107
45 107
46 107
47 107
49 107
50 107
51 107
52 107
53 107
54 107
55 107
57 107
58 107
59 107
62 107
63 107
64 107
65 107
0 108
1 108
3 108
4 108
7 108
8 108
9 108
11 108
13 108
15 108
16 108
23 108
24 108
26 108
30 108
31 108
32 108
33 108
35 108
37 108
40 108
42 108
45 108
46 108
50 108
52 108
53 108
55 108
56 108
57 108
58 108
59 108
62 108
64 108
65 108
67 108
2 109
5 109
6 109
7 109
8 109
11 109
12 109
13 109
22 109
23 109
25 109
27 109
29 109
31 109
37 109
39 109
40 109
41 109
42 109
43 109
45 109
46 109
47 109
48 109
50 109
52 109
54 109
56 109
57 109
58 109
59 109
60 109
62 109
65 109
66 109
67 109
1 110
3 110
6 110
7 110
8 110
11 110
13 110
14 110
15 110
16 110
18 110
19 110
20 110
21 110
22 110
23 110
24 110
25 110
28 110
29 110
30 110
31 110
35 110
37 110
38 110
39 110
42 110
43 110
45 110
46 110
47 110
49 110
50 110
51 110
52 110
54 110
57 110
58 110
59 110
60 110
61 110
62 110
63 110
65 110
0 111
1 111
2 111
5 111
6 111
7 111
8 111
11 111
12 111
13 111
14 111
15 111
16 111
17 111
18 111
22 111
23 111
24 111
26 111
27 111
28 111
29 111
30 111
31 111
33 111
34 111
38 111
41 111
42 111
43 111
44 111
45 111
48 111
49 111
51 111
54 111
55 111
57 111
58 111
59 111
60 111
61 111
62 111
63 111
65 111
66 111
1 112
2 112
3 112
4 112
5 112
6 112
7 112
9 112
11 112
12 112
13 112
14 112
15 112
16 112
17 112
19 112
20 112
21 112
23 112
24 112
25 112
26 112
28 112
31 112
32 112
33 112
34 112
35 112
38 112
39 112
42 112
44 112
46 112
47 112
48 112
49 112
52 112
53 112
54 112
55 112
56 112
57 112
60 112
61 112
63 112
64 112
66 112
67 112
1 113
3 113
4 113
6 113
8 113
9 113
10 113
14 113
15 113
16 113
17 113
18 113
21 113
22 113
25 113
27 113
29 113
30 113
32 113
35 113
36 113
38 113
39 113
41 113
42 113
43 113
44 113
46 113
47 113
50 113
51 113
52 113
53 113
54 113
55 113
57 113
58 113
61 113
62 113
63 113
64 113
65 113
66 113
67 113
0 114
1 114
9 114
10 114
11 114
13 114
14 114
15 114
16 114
18 114
19 114
20 114
23 114
24 114
26 114
27 114
29 114
31 114
32 114
33 114
34 114
35 114
38 114
41 114
43 114
44 114
45 114
46 114
47 114
49 114
50 114
52 114
53 114
54 114
57 114
58 114
59 114
62 114
63 114
64 114
65 114
7 115
8 115
11 115
13 115
14 115
15 115
16 115
17 115
18 115
19 115
23 115
24 115
25 115
26 115
29 115
30 115
34 115
36 115
38 115
40 115
42 115
45 115
46 115
47 115
49 115
50 115
53 115
55 115
56 115
57 115
59 115
62 115
64 115
66 115
0 116
1 116
5 116
6 116
7 116
9 116
10 116
11 116
14 116
15 116
17 116
18 116
22 116
23 116
25 116
26 116
27 116
28 116
29 116
31 116
32 116
35 116
36 116
39 116
42 116
43 116
44 116
45 116
47 116
48 116
49 116
51 116
52 116
54 116
57 116
59 116
61 116
63 116
64 116
65 116
67 116
0 117
1 117
4 117
6 117
10 117
12 117
13 117
14 117
16 117
17 117
18 117
21 117
22 117
23 117
24 117
25 117
28 117
29 117
33 117
34 117
35 117
36 117
37 117
38 117
39 117
40 117
42 117
43 117
45 117
46 117
48 117
49 117
52 117
53 117
54 117
55 117
56 117
58 117
59 117
60 117
62 117
0 118
2 118
3 118
7 118
8 118
9 118
12 118
13 118
14 118
17 118
18 118
19 118
20 118
22 118
24 118
28 118
29 118
30 118
37 118
40 118
43 118
45 118
47 118
48 118
50 118
53 118
54 118
55 118
58 118
60 118
61 118
62 118
65 118
66 118
67 118
1 119
4 119
9 119
10 119
12 119
14 119
15 119
16 119
18 119
19 119
20 119
23 119
28 119
30 119
33 119
34 119
36 119
38 119
39 119
40 119
41 119
42 119
45 119
47 119
48 119
49 119
54 119
55 119
56 119
57 119
62 119
63 119
66 119
67 119
0 120
3 120
5 120
7 120
8 120
9 120
10 120
11 120
12 120
13 120
14 120
16 120
17 120
19 120
21 120
22 120
23 120
24 120
25 120
26 120
28 120
29 120
30 120
33 120
36 120
38 120
39 120
40 120
41 120
42 120
43 120
46 120
47 120
48 120
49 120
50 120
51 120
52 120
53 120
54 120
57 120
58 120
60 120
61 120
65 120
67 120
0 121
2 121
3 121
7 121
8 121
11 121
12 121
14 121
16 121
17 121
19 121
20 121
24 121
27 121
31 121
32 121
33 121
35 121
36 121
38 121
39 121
42 121
44 121
45 121
51 121
52 121
53 121
55 121
56 121
57 121
59 121
60 121
61 121
63 121
64 121
0 122
1 122
5 122
6 122
7 122
9 122
13 122
15 122
16 122
17 122
18 122
19 122
21 122
24 122
27 122
28 122
29 122
31 122
32 122
33 122
34 122
36 122
37 122
39 122
40 122
42 122
43 122
44 122
47 122
49 122
51 122
53 122
56 122
57 122
58 122
59 122
60 122
65 122
67 122
1 123
2 123
4 123
5 123
10 123
12 123
13 123
14 123
15 123
16 123
18 123
20 123
21 123
22 123
23 123
24 123
25 123
26 123
27 123
28 123
30 123
31 123
32 123
33 123
34 123
35 123
38 123
39 123
44 123
45 123
46 123
47 123
49 123
53 123
54 123
55 123
57 123
59 123
60 123
63 123
64 123
65 123
66 123
67 123
1 124
2 124
3 124
4 124
6 124
7 124
8 124
9 124
11 124
12 124
14 124
15 124
17 124
20 124
21 124
26 124
28 124
32 124
33 124
34 124
37 124
38 124
39 124
40 124
41 124
44 124
45 124
46 124
47 124
48 124
49 124
50 124
52 124
53 124
55 124
56 124
57 124
58 124
59 124
60 124
61 124
62 124
63 124
64 124
65 124
66 124
67 124
0 125
1 125
3 125
4 125
6 125
7 125
8 125
9 125
12 125
13 125
14 125
15 125
16 125
17 125
19 125
23 125
24 125
25 125
26 125
27 125
28 125
30 125
32 125
33 125
34 125
35 125
36 125
37 125
42 125
43 125
44 125
47 125
49 125
52 125
53 125
56 125
57 125
58 125
59 125
60 125
62 125
65 125
66 125
67 125
1 126
2 126
3 126
5 126
6 126
7 126
10 126
11 126
13 126
14 126
15 126
16 126
17 126
18 126
19 126
20 126
23 126
24 126
27 126
28 126
31 126
32 126
33 126
34 126
35 126
39 126
40 126
41 126
43 126
45 126
46 126
47 126
49 126
52 126
53 126
57 126
58 126
59 126
60 126
61 126
62 126
63 126
65 126
66 126
67 126
