12
Vertices
0
1
2
3
4
5
6
7
8
9
10
11
12
13
14
15
16
17
18
19
20
21
22
23
24
25
26
Edges
0 12
1 12
2 12
3 12
4 12
5 12
6 12
7 12
8 12
9 12
11 12
0 13
1 13
2 13
3 13
4 13
5 13
6 13
7 13
8 13
9 13
10 13
11 13
0 14
1 14
2 14
3 14
4 14
5 14
7 14
8 14
9 14
10 14
11 14
0 15
1 15
2 15
3 15
4 15
5 15
6 15
7 15
8 15
10 15
11 15
0 16
1 16
2 16
3 16
4 16
5 16
6 16
7 16
8 16
9 16
10 16
11 16
0 17
1 17
2 17
3 17
4 17
5 17
6 17
7 17
8 17
9 17
10 17
11 17
0 18
1 18
2 18
3 18
4 18
5 18
6 18
7 18
8 18
10 18
11 18
0 19
1 19
2 19
3 19
4 19
5 19
6 19
7 19
8 19
9 19
10 19
11 19
0 20
1 20
2 20
4 20
5 20
6 20
7 20
8 20
9 20
10 20
11 20
0 21
1 21
2 21
3 21
4 21
5 21
6 21
7 21
8 21
9 21
10 21
11 21
0 22
1 22
2 22
3 22
4 22
5 22
6 22
7 22
8 22
9 22
10 22
11 22
0 23
2 23
3 23
4 23
5 23
6 23
7 23
8 23
9 23
10 23
11 23
0 24
1 24
2 24
3 24
4 24
5 24
6 24
7 24
8 24
9 24
10 24
11 24
0 25
1 25
2 25
3 25
4 25
5 25
6 25
7 25
9 25
10 25
11 25
1 26
2 26
3 26
5 26
6 26
7 26
8 26
9 26
10 26
11 26
