25
Vertices
0
1
2
3
4
5
6
7
8
9
10
11
12
13
14
15
16
17
18
19
20
21
22
23
24
25
26
27
28
29
30
31
32
33
34
35
36
37
38
39
40
41
42
43
44
45
46
47
48
49
Edges
0 25
1 25
8 25
11 25
13 25
16 25
21 25
22 25
0 26
7 26
9 26
12 26
16 26
19 26
22 26
3 27
5 27
8 27
10 27
14 27
16 27
17 27
18 27
22 27
24 27
3 28
4 28
5 28
7 28
8 28
11 28
13 28
16 28
22 28
23 28
2 29
5 29
6 29
7 29
9 29
11 29
16 29
17 29
18 29
21 29
22 29
24 29
0 30
1 30
2 30
9 30
10 30
13 30
18 30
19 30
20 30
0 31
1 31
3 31
18 31
20 31
0 32
1 32
5 32
6 32
9 32
14 32
15 32
17 32
18 32
22 32
23 32
24 32
1 33
2 33
4 33
6 33
7 33
8 33
9 33
12 33
15 33
21 33
23 33
24 33
2 34
3 34
7 34
8 34
11 34
12 34
15 34
18 34
19 34
24 34
0 35
5 35
8 35
14 35
17 35
18 35
19 35
21 35
1 36
4 36
8 36
18 36
21 36
0 37
5 37
10 37
11 37
13 37
15 37
17 37
20 37
21 37
2 38
4 38
8 38
9 38
12 38
16 38
17 38
18 38
19 38
20 38
22 38
0 39
3 39
4 39
7 39
8 39
9 39
13 39
14 39
15 39
17 39
20 39
1 40
2 40
6 40
7 40
8 40
10 40
11 40
13 40
17 40
20 40
21 40
24 40
2 41
5 41
8 41
10 41
12 41
16 41
18 41
20 41
24 41
0 42
2 42
3 42
5 42
8 42
9 42
13 42
17 42
21 42
23 42
24 42
0 43
1 43
3 43
4 43
6 43
9 43
12 43
22 43
4 44
12 44
13 44
15 44
19 44
23 44
3 45
16 45
19 45
20 45
3 46
4 46
5 46
6 46
7 46
9 46
10 46
12 46
14 46
17 46
22 46
5 47
6 47
8 47
9 47
10 47
11 47
14 47
17 47
18 47
19 47
24 47
0 48
1 48
2 48
3 48
6 48
11 48
12 48
13 48
14 48
17 48
19 48
21 48
23 48
24 48
0 49
7 49
11 49
14 49
22 49
