167
Vertices
0
1
2
3
4
5
6
7
8
9
10
11
12
13
14
15
16
17
18
19
20
21
22
23
24
25
26
27
28
29
30
31
32
33
34
35
36
37
38
39
40
41
42
43
44
45
46
47
48
49
50
51
52
53
54
55
56
57
58
59
60
61
62
63
64
65
66
67
68
69
70
71
72
73
74
75
76
77
78
79
80
81
82
83
84
85
86
87
88
89
90
91
92
93
94
95
96
97
98
99
100
101
102
103
104
105
106
107
108
109
110
111
112
113
114
115
116
117
118
119
120
121
122
123
124
125
126
127
128
129
130
131
132
133
134
135
136
137
138
139
140
141
142
143
144
145
146
147
148
149
150
151
152
153
154
155
156
157
158
159
160
161
162
163
164
165
166
167
168
169
170
171
172
173
174
175
176
177
178
179
180
181
182
183
184
185
186
187
188
189
190
191
192
193
194
195
196
197
198
199
200
201
202
203
204
205
206
207
208
209
210
211
212
213
214
215
216
217
218
219
220
221
222
223
224
225
226
227
228
229
230
231
232
233
234
235
236
237
238
239
240
241
242
243
244
245
246
247
248
249
250
251
252
253
254
255
256
257
258
259
260
261
262
263
264
265
266
267
268
269
270
271
272
273
274
275
276
277
278
279
280
281
282
283
284
285
286
287
288
289
290
291
292
293
294
295
296
297
298
299
300
301
302
303
304
305
306
307
308
309
310
311
312
313
314
315
316
317
318
319
320
321
322
323
324
325
326
327
328
329
330
331
332
333
Edges
9 167
10 167
15 167
17 167
19 167
21 167
23 167
24 167
26 167
30 167
32 167
33 167
35 167
40 167
44 167
46 167
47 167
50 167
56 167
58 167
59 167
62 167
63 167
64 167
68 167
72 167
73 167
74 167
81 167
84 167
86 167
92 167
93 167
107 167
109 167
113 167
115 167
118 167
121 167
126 167
127 167
128 167
131 167
133 167
134 167
136 167
140 167
141 167
144 167
147 167
150 167
151 167
155 167
164 167
166 167
4 168
5 168
7 168
12 168
19 168
21 168
22 168
24 168
27 168
36 168
37 168
39 168
41 168
44 168
47 168
49 168
51 168
53 168
63 168
67 168
68 168
70 168
73 168
78 168
82 168
83 168
87 168
95 168
96 168
102 168
109 168
110 168
111 168
113 168
117 168
119 168
120 168
121 168
123 168
124 168
125 168
129 168
131 168
132 168
134 168
135 168
136 168
140 168
144 168
145 168
148 168
150 168
151 168
153 168
154 168
156 168
163 168
166 168
9 169
10 169
11 169
18 169
20 169
22 169
24 169
25 169
30 169
31 169
32 169
34 169
39 169
40 169
46 169
49 169
50 169
56 169
63 169
64 169
66 169
69 169
74 169
76 169
77 169
79 169
80 169
82 169
83 169
86 169
88 169
92 169
93 169
94 169
95 169
97 169
100 169
102 169
105 169
106 169
110 169
111 169
115 169
117 169
118 169
125 169
126 169
129 169
130 169
133 169
135 169
137 169
143 169
147 169
149 169
152 169
153 169
154 169
159 169
161 169
164 169
11 170
17 170
22 170
23 170
26 170
27 170
30 170
32 170
33 170
35 170
36 170
40 170
47 170
48 170
49 170
52 170
59 170
62 170
68 170
69 170
72 170
73 170
74 170
75 170
78 170
79 170
82 170
83 170
90 170
94 170
95 170
96 170
97 170
99 170
101 170
103 170
104 170
105 170
108 170
109 170
112 170
113 170
115 170
117 170
120 170
124 170
127 170
129 170
130 170
135 170
139 170
140 170
142 170
144 170
146 170
154 170
156 170
157 170
165 170
3 171
6 171
10 171
14 171
19 171
21 171
24 171
27 171
29 171
31 171
35 171
36 171
46 171
51 171
52 171
53 171
55 171
56 171
58 171
59 171
71 171
73 171
75 171
76 171
77 171
86 171
88 171
90 171
92 171
94 171
95 171
96 171
97 171
99 171
106 171
108 171
110 171
111 171
113 171
117 171
119 171
126 171
127 171
129 171
130 171
133 171
137 171
139 171
141 171
143 171
146 171
147 171
148 171
149 171
151 171
152 171
155 171
156 171
162 171
164 171
165 171
2 172
3 172
5 172
8 172
11 172
16 172
23 172
25 172
31 172
32 172
33 172
34 172
38 172
40 172
43 172
47 172
51 172
53 172
61 172
62 172
63 172
64 172
66 172
67 172
68 172
70 172
71 172
75 172
79 172
80 172
86 172
87 172
98 172
102 172
103 172
104 172
106 172
107 172
109 172
114 172
115 172
117 172
126 172
130 172
132 172
138 172
139 172
141 172
142 172
144 172
146 172
155 172
161 172
162 172
165 172
1 173
3 173
4 173
7 173
8 173
12 173
14 173
15 173
18 173
19 173
22 173
24 173
27 173
31 173
32 173
39 173
43 173
47 173
50 173
55 173
58 173
63 173
64 173
69 173
77 173
78 173
92 173
96 173
100 173
110 173
113 173
114 173
118 173
125 173
126 173
128 173
136 173
140 173
142 173
143 173
152 173
153 173
154 173
155 173
158 173
159 173
165 173
166 173
1 174
6 174
9 174
10 174
16 174
22 174
23 174
25 174
29 174
30 174
31 174
37 174
38 174
39 174
43 174
49 174
56 174
57 174
59 174
60 174
66 174
72 174
73 174
75 174
78 174
84 174
87 174
92 174
94 174
95 174
96 174
103 174
107 174
110 174
111 174
113 174
118 174
119 174
121 174
125 174
126 174
128 174
131 174
133 174
134 174
135 174
137 174
138 174
140 174
141 174
142 174
143 174
144 174
146 174
154 174
156 174
158 174
159 174
165 174
0 175
1 175
3 175
6 175
7 175
13 175
14 175
15 175
17 175
23 175
27 175
30 175
32 175
36 175
38 175
39 175
41 175
54 175
55 175
60 175
61 175
62 175
67 175
70 175
71 175
72 175
75 175
77 175
78 175
80 175
83 175
84 175
87 175
88 175
94 175
98 175
101 175
102 175
105 175
110 175
111 175
112 175
113 175
118 175
119 175
123 175
125 175
126 175
129 175
133 175
136 175
149 175
150 175
151 175
152 175
162 175
163 175
165 175
1 176
2 176
11 176
12 176
13 176
15 176
16 176
19 176
20 176
23 176
25 176
27 176
35 176
37 176
39 176
48 176
53 176
57 176
58 176
59 176
63 176
68 176
75 176
76 176
78 176
81 176
83 176
84 176
87 176
94 176
97 176
99 176
103 176
104 176
105 176
111 176
114 176
121 176
125 176
126 176
128 176
129 176
131 176
136 176
143 176
144 176
145 176
147 176
150 176
151 176
153 176
154 176
157 176
159 176
161 176
166 176
0 177
5 177
6 177
12 177
14 177
15 177
16 177
19 177
21 177
23 177
24 177
25 177
28 177
37 177
39 177
42 177
45 177
47 177
52 177
61 177
63 177
65 177
67 177
70 177
76 177
80 177
83 177
84 177
86 177
89 177
90 177
91 177
93 177
94 177
97 177
106 177
110 177
113 177
116 177
118 177
121 177
122 177
123 177
124 177
130 177
134 177
136 177
138 177
141 177
143 177
152 177
153 177
154 177
155 177
156 177
158 177
160 177
162 177
164 177
165 177
6 178
10 178
11 178
13 178
14 178
16 178
18 178
20 178
22 178
23 178
28 178
32 178
35 178
39 178
43 178
46 178
47 178
53 178
55 178
58 178
69 178
70 178
71 178
72 178
74 178
77 178
78 178
84 178
85 178
86 178
88 178
90 178
91 178
99 178
103 178
107 178
109 178
112 178
113 178
116 178
118 178
123 178
126 178
128 178
130 178
132 178
135 178
136 178
139 178
140 178
141 178
143 178
148 178
151 178
152 178
159 178
163 178
3 179
6 179
11 179
17 179
20 179
24 179
28 179
29 179
31 179
39 179
44 179
47 179
52 179
53 179
54 179
56 179
59 179
62 179
73 179
74 179
78 179
85 179
93 179
94 179
95 179
97 179
98 179
99 179
104 179
105 179
117 179
120 179
121 179
122 179
123 179
125 179
126 179
127 179
128 179
132 179
133 179
138 179
141 179
144 179
146 179
149 179
154 179
160 179
161 179
165 179
166 179
0 180
1 180
3 180
10 180
15 180
19 180
21 180
22 180
24 180
25 180
27 180
28 180
30 180
32 180
39 180
40 180
42 180
52 180
54 180
56 180
58 180
59 180
60 180
64 180
75 180
77 180
79 180
80 180
83 180
87 180
96 180
98 180
100 180
102 180
103 180
105 180
106 180
107 180
108 180
110 180
112 180
114 180
116 180
118 180
120 180
122 180
127 180
128 180
129 180
130 180
134 180
135 180
137 180
138 180
139 180
140 180
141 180
147 180
148 180
149 180
155 180
156 180
160 180
163 180
165 180
7 181
8 181
9 181
10 181
13 181
14 181
18 181
24 181
26 181
34 181
40 181
42 181
46 181
48 181
51 181
53 181
56 181
58 181
59 181
61 181
63 181
68 181
69 181
70 181
71 181
72 181
78 181
81 181
83 181
88 181
89 181
94 181
95 181
97 181
99 181
102 181
106 181
112 181
113 181
117 181
122 181
123 181
124 181
129 181
132 181
133 181
138 181
140 181
145 181
152 181
155 181
159 181
161 181
164 181
165 181
166 181
2 182
3 182
4 182
5 182
7 182
10 182
12 182
14 182
18 182
20 182
26 182
27 182
32 182
38 182
39 182
42 182
45 182
47 182
48 182
49 182
51 182
52 182
59 182
60 182
67 182
70 182
81 182
89 182
91 182
95 182
100 182
102 182
103 182
105 182
107 182
109 182
111 182
112 182
115 182
116 182
134 182
141 182
142 182
148 182
150 182
153 182
155 182
156 182
157 182
161 182
164 182
165 182
2 183
7 183
9 183
12 183
13 183
16 183
17 183
19 183
20 183
21 183
22 183
23 183
25 183
26 183
30 183
32 183
33 183
39 183
41 183
44 183
45 183
48 183
49 183
53 183
54 183
55 183
62 183
63 183
65 183
68 183
69 183
74 183
76 183
82 183
86 183
91 183
94 183
96 183
99 183
101 183
103 183
104 183
105 183
110 183
113 183
121 183
125 183
126 183
127 183
128 183
131 183
132 183
133 183
134 183
135 183
150 183
159 183
160 183
165 183
0 184
1 184
7 184
12 184
13 184
19 184
20 184
21 184
24 184
26 184
35 184
37 184
42 184
43 184
45 184
47 184
50 184
56 184
57 184
58 184
66 184
67 184
68 184
70 184
71 184
73 184
76 184
78 184
80 184
82 184
83 184
87 184
88 184
90 184
91 184
92 184
97 184
99 184
100 184
104 184
106 184
107 184
109 184
111 184
112 184
114 184
115 184
116 184
121 184
123 184
125 184
127 184
134 184
137 184
138 184
140 184
157 184
160 184
162 184
163 184
165 184
1 185
8 185
11 185
12 185
16 185
19 185
22 185
23 185
24 185
25 185
26 185
27 185
32 185
41 185
44 185
49 185
50 185
56 185
59 185
61 185
65 185
71 185
75 185
76 185
78 185
79 185
82 185
84 185
85 185
86 185
88 185
90 185
93 185
94 185
97 185
99 185
104 185
105 185
110 185
111 185
113 185
119 185
121 185
127 185
131 185
133 185
138 185
139 185
142 185
146 185
147 185
149 185
150 185
153 185
154 185
158 185
161 185
0 186
1 186
3 186
5 186
6 186
13 186
14 186
16 186
19 186
20 186
22 186
25 186
26 186
27 186
30 186
31 186
33 186
36 186
48 186
51 186
53 186
54 186
56 186
57 186
59 186
65 186
67 186
70 186
71 186
74 186
77 186
78 186
82 186
83 186
84 186
90 186
91 186
95 186
97 186
103 186
110 186
113 186
122 186
123 186
127 186
129 186
130 186
133 186
134 186
135 186
141 186
142 186
143 186
144 186
146 186
148 186
152 186
161 186
163 186
166 186
2 187
9 187
12 187
13 187
14 187
19 187
22 187
24 187
25 187
29 187
32 187
35 187
37 187
38 187
39 187
42 187
44 187
45 187
47 187
48 187
50 187
61 187
69 187
72 187
75 187
76 187
79 187
82 187
90 187
92 187
93 187
95 187
96 187
99 187
105 187
113 187
114 187
122 187
123 187
127 187
130 187
132 187
133 187
135 187
138 187
139 187
140 187
144 187
145 187
148 187
149 187
157 187
160 187
0 188
4 188
9 188
15 188
17 188
18 188
21 188
22 188
27 188
28 188
29 188
30 188
31 188
37 188
47 188
49 188
50 188
51 188
54 188
59 188
62 188
66 188
67 188
70 188
71 188
77 188
78 188
82 188
85 188
86 188
89 188
102 188
104 188
106 188
114 188
116 188
123 188
124 188
129 188
135 188
138 188
140 188
145 188
148 188
149 188
151 188
152 188
153 188
155 188
157 188
162 188
163 188
164 188
165 188
1 189
4 189
5 189
8 189
10 189
14 189
15 189
16 189
19 189
24 189
27 189
28 189
31 189
35 189
36 189
37 189
43 189
44 189
45 189
50 189
55 189
57 189
59 189
63 189
64 189
69 189
72 189
75 189
76 189
78 189
79 189
91 189
97 189
100 189
103 189
105 189
106 189
114 189
120 189
121 189
122 189
125 189
128 189
130 189
133 189
134 189
138 189
150 189
151 189
154 189
161 189
162 189
166 189
3 190
16 190
17 190
19 190
25 190
27 190
28 190
29 190
30 190
31 190
32 190
33 190
36 190
40 190
42 190
49 190
50 190
53 190
54 190
57 190
58 190
62 190
67 190
69 190
77 190
78 190
80 190
88 190
89 190
90 190
98 190
108 190
111 190
113 190
114 190
118 190
122 190
124 190
125 190
126 190
127 190
128 190
136 190
144 190
145 190
147 190
150 190
155 190
156 190
158 190
159 190
160 190
161 190
163 190
164 190
4 191
11 191
14 191
17 191
18 191
28 191
30 191
31 191
35 191
36 191
38 191
40 191
43 191
45 191
48 191
49 191
50 191
51 191
55 191
58 191
63 191
68 191
74 191
76 191
85 191
87 191
89 191
93 191
95 191
96 191
106 191
113 191
115 191
116 191
118 191
119 191
121 191
122 191
128 191
129 191
137 191
138 191
139 191
143 191
144 191
145 191
152 191
155 191
158 191
160 191
163 191
166 191
0 192
1 192
4 192
5 192
10 192
12 192
26 192
29 192
30 192
34 192
36 192
38 192
41 192
42 192
46 192
52 192
54 192
58 192
61 192
63 192
64 192
65 192
66 192
69 192
70 192
76 192
80 192
81 192
82 192
83 192
85 192
88 192
89 192
90 192
96 192
97 192
98 192
99 192
103 192
104 192
106 192
110 192
112 192
113 192
115 192
118 192
120 192
121 192
122 192
127 192
128 192
130 192
132 192
133 192
134 192
136 192
138 192
140 192
142 192
143 192
147 192
152 192
153 192
155 192
158 192
163 192
164 192
166 192
1 193
2 193
4 193
11 193
13 193
17 193
18 193
25 193
27 193
30 193
32 193
35 193
37 193
39 193
42 193
44 193
52 193
53 193
55 193
56 193
64 193
66 193
70 193
71 193
75 193
82 193
83 193
88 193
93 193
96 193
98 193
103 193
104 193
108 193
111 193
112 193
118 193
121 193
123 193
124 193
125 193
130 193
135 193
137 193
138 193
141 193
144 193
145 193
148 193
149 193
153 193
157 193
160 193
161 193
163 193
165 193
1 194
2 194
4 194
5 194
7 194
14 194
17 194
20 194
21 194
23 194
26 194
28 194
29 194
31 194
32 194
33 194
34 194
37 194
43 194
44 194
52 194
58 194
62 194
64 194
72 194
73 194
75 194
80 194
81 194
82 194
85 194
89 194
90 194
91 194
99 194
110 194
112 194
123 194
124 194
130 194
131 194
132 194
133 194
138 194
142 194
144 194
147 194
148 194
153 194
156 194
157 194
158 194
159 194
0 195
2 195
4 195
8 195
10 195
13 195
16 195
26 195
27 195
31 195
35 195
37 195
38 195
40 195
44 195
49 195
50 195
59 195
60 195
65 195
66 195
72 195
74 195
77 195
86 195
87 195
96 195
102 195
106 195
116 195
123 195
128 195
134 195
136 195
141 195
143 195
144 195
146 195
149 195
150 195
152 195
160 195
161 195
163 195
164 195
165 195
0 196
2 196
6 196
9 196
13 196
20 196
21 196
22 196
29 196
34 196
36 196
37 196
38 196
42 196
46 196
52 196
53 196
63 196
65 196
66 196
73 196
80 196
86 196
90 196
95 196
102 196
108 196
109 196
116 196
117 196
118 196
121 196
129 196
131 196
133 196
134 196
146 196
147 196
149 196
150 196
151 196
153 196
155 196
158 196
165 196
1 197
3 197
4 197
7 197
8 197
10 197
13 197
14 197
22 197
26 197
32 197
35 197
36 197
41 197
42 197
46 197
47 197
49 197
54 197
56 197
58 197
68 197
70 197
72 197
75 197
78 197
81 197
84 197
85 197
86 197
88 197
89 197
98 197
99 197
103 197
111 197
112 197
118 197
120 197
125 197
126 197
128 197
129 197
132 197
137 197
147 197
150 197
151 197
152 197
153 197
156 197
160 197
162 197
164 197
165 197
4 198
6 198
7 198
8 198
17 198
19 198
21 198
22 198
29 198
30 198
37 198
38 198
43 198
44 198
49 198
51 198
55 198
59 198
60 198
65 198
66 198
69 198
73 198
74 198
81 198
83 198
85 198
87 198
88 198
89 198
90 198
93 198
100 198
101 198
105 198
110 198
111 198
114 198
117 198
122 198
128 198
129 198
131 198
136 198
146 198
147 198
151 198
153 198
155 198
156 198
1 199
3 199
5 199
7 199
10 199
15 199
18 199
19 199
20 199
23 199
27 199
28 199
30 199
32 199
34 199
35 199
39 199
40 199
44 199
45 199
46 199
47 199
63 199
65 199
68 199
70 199
77 199
78 199
80 199
86 199
88 199
89 199
97 199
99 199
112 199
119 199
120 199
122 199
125 199
127 199
134 199
135 199
138 199
139 199
141 199
146 199
148 199
149 199
150 199
152 199
154 199
155 199
158 199
6 200
15 200
16 200
18 200
24 200
25 200
26 200
32 200
34 200
37 200
42 200
43 200
44 200
50 200
59 200
69 200
70 200
72 200
77 200
79 200
82 200
85 200
87 200
92 200
105 200
106 200
108 200
109 200
111 200
113 200
114 200
120 200
124 200
125 200
126 200
128 200
129 200
130 200
136 200
141 200
142 200
143 200
146 200
147 200
150 200
155 200
156 200
159 200
161 200
165 200
166 200
0 201
3 201
15 201
16 201
20 201
28 201
32 201
33 201
35 201
40 201
45 201
47 201
52 201
53 201
56 201
61 201
66 201
68 201
70 201
73 201
75 201
77 201
79 201
80 201
81 201
82 201
87 201
88 201
89 201
93 201
95 201
96 201
99 201
101 201
102 201
106 201
107 201
109 201
114 201
120 201
121 201
122 201
124 201
125 201
126 201
127 201
128 201
133 201
134 201
141 201
146 201
147 201
148 201
149 201
152 201
154 201
155 201
156 201
157 201
161 201
164 201
165 201
0 202
3 202
8 202
11 202
12 202
13 202
14 202
20 202
21 202
26 202
32 202
34 202
35 202
36 202
40 202
42 202
43 202
44 202
47 202
49 202
50 202
51 202
55 202
59 202
60 202
61 202
71 202
72 202
73 202
81 202
84 202
86 202
87 202
90 202
94 202
95 202
96 202
102 202
106 202
107 202
108 202
112 202
117 202
118 202
123 202
126 202
132 202
133 202
135 202
138 202
140 202
141 202
143 202
144 202
145 202
147 202
150 202
151 202
153 202
166 202
3 203
4 203
6 203
7 203
12 203
13 203
15 203
22 203
23 203
27 203
29 203
33 203
35 203
38 203
41 203
46 203
47 203
55 203
61 203
64 203
73 203
74 203
76 203
77 203
79 203
85 203
86 203
90 203
93 203
97 203
98 203
99 203
106 203
110 203
114 203
116 203
117 203
118 203
120 203
122 203
124 203
126 203
140 203
143 203
149 203
151 203
153 203
156 203
159 203
163 203
166 203
0 204
1 204
9 204
13 204
17 204
18 204
19 204
20 204
31 204
34 204
38 204
39 204
44 204
46 204
47 204
51 204
53 204
57 204
58 204
61 204
62 204
64 204
65 204
66 204
69 204
74 204
87 204
89 204
92 204
93 204
99 204
100 204
104 204
105 204
109 204
112 204
113 204
119 204
121 204
123 204
128 204
131 204
132 204
134 204
136 204
142 204
144 204
145 204
148 204
154 204
156 204
157 204
162 204
0 205
2 205
8 205
9 205
10 205
11 205
15 205
16 205
17 205
20 205
21 205
22 205
24 205
27 205
29 205
41 205
47 205
48 205
54 205
55 205
56 205
57 205
61 205
62 205
66 205
70 205
72 205
73 205
75 205
76 205
78 205
80 205
91 205
92 205
94 205
95 205
99 205
100 205
102 205
103 205
106 205
108 205
110 205
120 205
121 205
122 205
123 205
128 205
130 205
131 205
132 205
138 205
143 205
145 205
147 205
148 205
149 205
150 205
153 205
154 205
156 205
157 205
162 205
163 205
165 205
5 206
6 206
8 206
16 206
19 206
24 206
26 206
29 206
40 206
42 206
43 206
44 206
46 206
47 206
48 206
50 206
54 206
61 206
65 206
67 206
70 206
72 206
74 206
75 206
80 206
82 206
83 206
86 206
89 206
95 206
100 206
101 206
102 206
104 206
106 206
107 206
111 206
112 206
113 206
114 206
117 206
122 206
129 206
137 206
145 206
151 206
160 206
162 206
164 206
165 206
1 207
6 207
12 207
14 207
21 207
25 207
28 207
36 207
44 207
46 207
47 207
48 207
49 207
50 207
52 207
53 207
54 207
55 207
60 207
63 207
68 207
79 207
80 207
82 207
83 207
88 207
92 207
93 207
94 207
98 207
99 207
100 207
104 207
111 207
116 207
119 207
124 207
128 207
134 207
135 207
136 207
138 207
144 207
145 207
147 207
149 207
151 207
154 207
159 207
160 207
164 207
0 208
2 208
6 208
7 208
13 208
14 208
15 208
16 208
25 208
27 208
28 208
29 208
32 208
36 208
38 208
39 208
45 208
48 208
53 208
60 208
63 208
64 208
67 208
69 208
75 208
78 208
79 208
81 208
87 208
88 208
90 208
93 208
101 208
102 208
103 208
105 208
108 208
109 208
111 208
114 208
117 208
122 208
123 208
128 208
130 208
140 208
142 208
148 208
153 208
162 208
164 208
2 209
6 209
7 209
9 209
13 209
14 209
15 209
19 209
25 209
33 209
35 209
36 209
39 209
43 209
46 209
56 209
58 209
59 209
61 209
69 209
70 209
72 209
73 209
75 209
78 209
80 209
83 209
86 209
88 209
93 209
95 209
96 209
97 209
98 209
99 209
100 209
104 209
105 209
106 209
108 209
111 209
112 209
116 209
121 209
127 209
133 209
137 209
140 209
141 209
142 209
146 209
147 209
148 209
157 209
158 209
159 209
5 210
6 210
7 210
13 210
14 210
15 210
16 210
18 210
22 210
28 210
35 210
37 210
38 210
41 210
43 210
44 210
48 210
50 210
56 210
59 210
61 210
63 210
64 210
66 210
68 210
69 210
70 210
72 210
73 210
78 210
79 210
83 210
85 210
92 210
97 210
101 210
103 210
107 210
111 210
112 210
114 210
116 210
117 210
119 210
120 210
122 210
128 210
129 210
130 210
141 210
142 210
144 210
153 210
160 210
165 210
5 211
13 211
28 211
29 211
33 211
36 211
37 211
40 211
41 211
43 211
44 211
46 211
53 211
55 211
58 211
59 211
63 211
66 211
68 211
79 211
82 211
85 211
87 211
89 211
92 211
94 211
100 211
105 211
108 211
109 211
111 211
113 211
120 211
121 211
126 211
129 211
131 211
133 211
135 211
137 211
138 211
139 211
141 211
142 211
145 211
152 211
155 211
156 211
162 211
163 211
1 212
5 212
7 212
8 212
9 212
11 212
16 212
23 212
24 212
27 212
28 212
29 212
36 212
38 212
41 212
42 212
45 212
46 212
49 212
50 212
51 212
57 212
59 212
60 212
64 212
68 212
81 212
84 212
87 212
90 212
93 212
94 212
102 212
107 212
113 212
115 212
116 212
120 212
124 212
127 212
129 212
130 212
133 212
134 212
137 212
138 212
144 212
146 212
147 212
151 212
152 212
156 212
159 212
163 212
5 213
19 213
23 213
26 213
28 213
29 213
36 213
37 213
38 213
39 213
42 213
50 213
53 213
55 213
59 213
60 213
70 213
71 213
72 213
75 213
77 213
79 213
84 213
85 213
88 213
91 213
93 213
96 213
100 213
104 213
110 213
111 213
118 213
122 213
127 213
129 213
134 213
135 213
136 213
138 213
139 213
141 213
142 213
144 213
145 213
146 213
155 213
157 213
158 213
160 213
165 213
166 213
0 214
3 214
5 214
6 214
8 214
13 214
16 214
18 214
19 214
22 214
23 214
27 214
28 214
29 214
31 214
34 214
38 214
42 214
44 214
49 214
51 214
59 214
61 214
64 214
65 214
67 214
70 214
72 214
73 214
77 214
79 214
85 214
88 214
92 214
93 214
94 214
95 214
99 214
102 214
106 214
109 214
110 214
119 214
120 214
122 214
124 214
126 214
135 214
137 214
139 214
146 214
148 214
153 214
156 214
164 214
165 214
0 215
1 215
4 215
7 215
13 215
14 215
16 215
20 215
22 215
25 215
26 215
27 215
28 215
29 215
32 215
34 215
35 215
45 215
48 215
50 215
51 215
53 215
54 215
55 215
56 215
57 215
64 215
66 215
69 215
71 215
73 215
74 215
77 215
79 215
85 215
88 215
93 215
99 215
102 215
104 215
106 215
108 215
109 215
110 215
111 215
112 215
116 215
117 215
120 215
122 215
123 215
125 215
128 215
134 215
137 215
141 215
142 215
143 215
146 215
149 215
150 215
153 215
154 215
155 215
157 215
158 215
159 215
161 215
1 216
4 216
5 216
6 216
7 216
9 216
16 216
19 216
20 216
22 216
23 216
24 216
25 216
28 216
29 216
31 216
33 216
43 216
47 216
49 216
53 216
54 216
55 216
56 216
60 216
61 216
62 216
63 216
65 216
69 216
71 216
72 216
75 216
85 216
89 216
91 216
93 216
100 216
102 216
103 216
113 216
115 216
117 216
122 216
123 216
127 216
132 216
133 216
134 216
137 216
138 216
140 216
143 216
147 216
148 216
151 216
152 216
156 216
157 216
164 216
1 217
2 217
3 217
10 217
18 217
20 217
21 217
22 217
23 217
25 217
26 217
33 217
35 217
36 217
37 217
38 217
49 217
54 217
55 217
57 217
65 217
66 217
69 217
71 217
72 217
74 217
78 217
80 217
82 217
90 217
91 217
92 217
93 217
95 217
97 217
99 217
108 217
110 217
113 217
114 217
115 217
116 217
118 217
119 217
120 217
123 217
126 217
128 217
129 217
133 217
137 217
138 217
140 217
146 217
148 217
150 217
153 217
155 217
158 217
159 217
161 217
162 217
164 217
166 217
3 218
4 218
10 218
19 218
24 218
26 218
28 218
35 218
37 218
44 218
47 218
56 218
58 218
59 218
61 218
66 218
69 218
70 218
71 218
73 218
76 218
77 218
80 218
81 218
84 218
86 218
94 218
97 218
101 218
103 218
110 218
113 218
114 218
115 218
120 218
124 218
125 218
139 218
141 218
143 218
144 218
146 218
147 218
157 218
159 218
1 219
4 219
7 219
8 219
10 219
11 219
12 219
19 219
21 219
24 219
25 219
27 219
30 219
33 219
35 219
36 219
38 219
43 219
45 219
55 219
63 219
64 219
67 219
69 219
70 219
71 219
72 219
78 219
79 219
84 219
91 219
92 219
97 219
108 219
109 219
111 219
112 219
115 219
119 219
120 219
122 219
124 219
128 219
129 219
131 219
132 219
135 219
139 219
140 219
143 219
145 219
146 219
150 219
151 219
152 219
153 219
157 219
160 219
161 219
163 219
165 219
166 219
2 220
6 220
8 220
11 220
12 220
23 220
24 220
26 220
27 220
28 220
36 220
37 220
41 220
44 220
46 220
47 220
51 220
54 220
55 220
57 220
62 220
65 220
68 220
70 220
72 220
73 220
77 220
78 220
79 220
80 220
93 220
96 220
100 220
101 220
102 220
104 220
105 220
114 220
116 220
117 220
118 220
122 220
126 220
127 220
130 220
131 220
132 220
139 220
143 220
146 220
148 220
150 220
153 220
154 220
160 220
161 220
162 220
164 220
166 220
2 221
3 221
5 221
7 221
16 221
17 221
22 221
24 221
25 221
26 221
27 221
35 221
37 221
39 221
47 221
50 221
51 221
52 221
53 221
54 221
56 221
58 221
62 221
68 221
70 221
73 221
76 221
84 221
93 221
94 221
95 221
98 221
99 221
102 221
106 221
109 221
111 221
113 221
116 221
118 221
124 221
127 221
131 221
138 221
142 221
146 221
151 221
154 221
156 221
158 221
159 221
162 221
163 221
0 222
1 222
3 222
4 222
9 222
12 222
13 222
14 222
15 222
16 222
18 222
22 222
29 222
31 222
34 222
36 222
41 222
43 222
44 222
55 222
57 222
58 222
61 222
62 222
63 222
65 222
70 222
73 222
75 222
77 222
78 222
79 222
80 222
82 222
87 222
88 222
91 222
99 222
103 222
105 222
107 222
109 222
111 222
117 222
118 222
120 222
127 222
128 222
129 222
131 222
132 222
138 222
139 222
140 222
141 222
142 222
149 222
154 222
158 222
160 222
163 222
166 222
3 223
5 223
6 223
10 223
11 223
13 223
15 223
17 223
20 223
31 223
32 223
34 223
35 223
36 223
38 223
40 223
42 223
43 223
45 223
47 223
48 223
49 223
60 223
62 223
63 223
65 223
71 223
73 223
78 223
80 223
83 223
89 223
90 223
95 223
97 223
99 223
100 223
102 223
105 223
107 223
110 223
115 223
116 223
118 223
120 223
122 223
123 223
125 223
127 223
131 223
132 223
134 223
138 223
143 223
144 223
145 223
146 223
149 223
150 223
152 223
157 223
158 223
159 223
161 223
0 224
6 224
15 224
19 224
26 224
28 224
30 224
36 224
37 224
38 224
39 224
40 224
41 224
47 224
49 224
51 224
52 224
59 224
60 224
62 224
64 224
70 224
72 224
73 224
74 224
79 224
82 224
85 224
87 224
89 224
90 224
91 224
94 224
95 224
99 224
100 224
102 224
107 224
108 224
116 224
117 224
118 224
120 224
124 224
126 224
130 224
131 224
135 224
138 224
144 224
145 224
147 224
151 224
152 224
153 224
154 224
155 224
157 224
159 224
161 224
163 224
164 224
3 225
6 225
7 225
17 225
18 225
24 225
32 225
33 225
34 225
41 225
43 225
44 225
46 225
48 225
50 225
55 225
60 225
64 225
65 225
70 225
72 225
74 225
76 225
78 225
79 225
82 225
87 225
88 225
89 225
94 225
97 225
100 225
102 225
105 225
106 225
108 225
109 225
111 225
115 225
116 225
118 225
119 225
123 225
124 225
126 225
128 225
132 225
137 225
139 225
140 225
141 225
150 225
152 225
161 225
166 225
1 226
2 226
4 226
7 226
10 226
13 226
17 226
20 226
22 226
31 226
40 226
42 226
43 226
44 226
48 226
52 226
53 226
55 226
56 226
61 226
63 226
67 226
68 226
69 226
70 226
71 226
72 226
73 226
74 226
78 226
87 226
88 226
92 226
97 226
98 226
100 226
101 226
102 226
106 226
108 226
113 226
121 226
123 226
128 226
129 226
133 226
137 226
139 226
144 226
146 226
147 226
149 226
150 226
153 226
155 226
161 226
164 226
165 226
4 227
8 227
9 227
13 227
20 227
21 227
26 227
36 227
39 227
42 227
50 227
52 227
54 227
63 227
70 227
73 227
79 227
84 227
86 227
87 227
89 227
90 227
92 227
94 227
95 227
97 227
99 227
100 227
102 227
103 227
104 227
112 227
115 227
116 227
117 227
122 227
132 227
133 227
134 227
135 227
137 227
140 227
141 227
147 227
150 227
155 227
157 227
158 227
159 227
162 227
165 227
1 228
6 228
7 228
9 228
10 228
12 228
18 228
19 228
22 228
31 228
32 228
34 228
37 228
39 228
40 228
41 228
46 228
49 228
51 228
53 228
54 228
56 228
57 228
61 228
68 228
71 228
72 228
77 228
81 228
82 228
87 228
88 228
91 228
92 228
94 228
105 228
108 228
115 228
117 228
120 228
124 228
125 228
131 228
135 228
139 228
141 228
145 228
148 228
150 228
151 228
153 228
156 228
160 228
162 228
1 229
5 229
8 229
11 229
13 229
15 229
16 229
20 229
21 229
22 229
23 229
26 229
27 229
34 229
36 229
42 229
46 229
48 229
49 229
51 229
58 229
60 229
61 229
62 229
70 229
71 229
73 229
74 229
75 229
78 229
79 229
82 229
83 229
84 229
90 229
93 229
95 229
97 229
99 229
103 229
104 229
106 229
111 229
113 229
114 229
119 229
120 229
125 229
127 229
129 229
130 229
131 229
137 229
143 229
146 229
153 229
155 229
162 229
0 230
1 230
3 230
7 230
9 230
10 230
15 230
17 230
23 230
25 230
28 230
29 230
34 230
35 230
39 230
49 230
50 230
54 230
57 230
58 230
60 230
62 230
64 230
65 230
67 230
68 230
71 230
75 230
78 230
83 230
87 230
88 230
89 230
95 230
99 230
101 230
110 230
111 230
116 230
125 230
134 230
136 230
142 230
149 230
152 230
156 230
157 230
158 230
162 230
1 231
4 231
5 231
6 231
8 231
9 231
10 231
12 231
13 231
18 231
22 231
24 231
29 231
35 231
43 231
44 231
47 231
48 231
49 231
50 231
51 231
54 231
57 231
60 231
62 231
63 231
66 231
67 231
68 231
69 231
76 231
78 231
84 231
85 231
88 231
89 231
95 231
97 231
105 231
108 231
114 231
121 231
122 231
126 231
131 231
134 231
135 231
141 231
143 231
146 231
157 231
158 231
160 231
161 231
2 232
5 232
7 232
8 232
9 232
10 232
14 232
19 232
24 232
25 232
26 232
29 232
31 232
38 232
39 232
40 232
44 232
47 232
48 232
50 232
59 232
63 232
64 232
68 232
77 232
82 232
84 232
87 232
89 232
93 232
99 232
102 232
103 232
104 232
109 232
111 232
116 232
119 232
126 232
132 232
133 232
135 232
137 232
142 232
143 232
146 232
147 232
149 232
158 232
160 232
0 233
2 233
4 233
9 233
11 233
23 233
24 233
26 233
28 233
29 233
30 233
34 233
36 233
46 233
51 233
54 233
60 233
61 233
63 233
65 233
68 233
69 233
73 233
74 233
77 233
80 233
81 233
84 233
86 233
90 233
96 233
98 233
103 233
106 233
107 233
109 233
110 233
114 233
116 233
118 233
119 233
122 233
129 233
131 233
139 233
140 233
143 233
144 233
145 233
149 233
150 233
151 233
155 233
157 233
163 233
164 233
0 234
3 234
9 234
10 234
11 234
12 234
13 234
14 234
18 234
19 234
20 234
22 234
26 234
27 234
31 234
34 234
37 234
43 234
44 234
46 234
47 234
48 234
54 234
56 234
59 234
60 234
62 234
67 234
71 234
76 234
79 234
83 234
86 234
88 234
89 234
91 234
92 234
95 234
96 234
98 234
101 234
103 234
105 234
111 234
112 234
113 234
114 234
116 234
117 234
120 234
125 234
126 234
129 234
134 234
135 234
136 234
138 234
139 234
144 234
146 234
148 234
152 234
160 234
161 234
162 234
164 234
165 234
166 234
12 235
18 235
19 235
21 235
23 235
25 235
31 235
34 235
37 235
46 235
51 235
55 235
58 235
59 235
60 235
61 235
66 235
70 235
75 235
84 235
85 235
92 235
94 235
97 235
99 235
108 235
115 235
117 235
118 235
142 235
145 235
149 235
156 235
164 235
7 236
8 236
9 236
11 236
13 236
14 236
16 236
17 236
24 236
26 236
28 236
29 236
30 236
31 236
33 236
34 236
35 236
36 236
37 236
39 236
45 236
46 236
48 236
52 236
53 236
55 236
59 236
61 236
64 236
65 236
66 236
70 236
76 236
80 236
87 236
88 236
89 236
91 236
93 236
94 236
95 236
98 236
99 236
100 236
102 236
103 236
105 236
108 236
110 236
112 236
119 236
120 236
121 236
123 236
129 236
131 236
134 236
142 236
145 236
152 236
154 236
156 236
159 236
0 237
3 237
4 237
7 237
8 237
10 237
12 237
24 237
26 237
27 237
28 237
29 237
34 237
36 237
37 237
38 237
40 237
41 237
46 237
49 237
57 237
58 237
60 237
65 237
66 237
70 237
72 237
73 237
75 237
77 237
81 237
84 237
85 237
86 237
88 237
91 237
95 237
97 237
100 237
101 237
102 237
106 237
107 237
108 237
115 237
116 237
124 237
127 237
132 237
136 237
137 237
143 237
146 237
157 237
158 237
162 237
163 237
164 237
165 237
2 238
7 238
8 238
10 238
13 238
17 238
19 238
20 238
21 238
26 238
27 238
32 238
33 238
34 238
37 238
38 238
41 238
42 238
43 238
50 238
53 238
56 238
59 238
65 238
67 238
71 238
73 238
80 238
82 238
85 238
88 238
92 238
93 238
94 238
97 238
102 238
103 238
105 238
106 238
108 238
109 238
111 238
112 238
113 238
115 238
119 238
122 238
127 238
140 238
141 238
142 238
146 238
149 238
150 238
155 238
159 238
160 238
162 238
166 238
3 239
5 239
8 239
9 239
10 239
11 239
13 239
16 239
21 239
22 239
25 239
28 239
35 239
38 239
45 239
48 239
55 239
56 239
61 239
67 239
75 239
80 239
84 239
85 239
88 239
90 239
92 239
93 239
96 239
97 239
99 239
101 239
103 239
105 239
106 239
108 239
115 239
116 239
119 239
120 239
121 239
122 239
128 239
133 239
135 239
137 239
138 239
139 239
140 239
143 239
146 239
147 239
148 239
149 239
151 239
153 239
161 239
2 240
3 240
8 240
9 240
15 240
20 240
21 240
22 240
24 240
25 240
26 240
28 240
32 240
40 240
42 240
43 240
49 240
50 240
51 240
52 240
55 240
57 240
63 240
64 240
67 240
69 240
74 240
80 240
87 240
88 240
89 240
90 240
96 240
98 240
99 240
103 240
105 240
108 240
110 240
114 240
116 240
118 240
122 240
123 240
124 240
125 240
128 240
129 240
142 240
153 240
158 240
161 240
162 240
0 241
2 241
8 241
9 241
11 241
16 241
18 241
19 241
21 241
22 241
24 241
25 241
33 241
46 241
47 241
49 241
50 241
54 241
56 241
61 241
62 241
66 241
67 241
68 241
70 241
71 241
75 241
78 241
79 241
83 241
84 241
86 241
93 241
95 241
96 241
99 241
102 241
103 241
106 241
109 241
114 241
115 241
116 241
121 241
123 241
124 241
127 241
129 241
132 241
133 241
135 241
142 241
144 241
146 241
148 241
149 241
152 241
157 241
158 241
163 241
166 241
0 242
5 242
7 242
9 242
11 242
14 242
15 242
16 242
17 242
22 242
23 242
27 242
30 242
33 242
43 242
49 242
52 242
56 242
59 242
60 242
61 242
65 242
71 242
72 242
74 242
77 242
79 242
80 242
82 242
84 242
91 242
93 242
94 242
102 242
105 242
106 242
107 242
108 242
113 242
116 242
118 242
125 242
126 242
127 242
128 242
130 242
131 242
134 242
136 242
138 242
140 242
142 242
143 242
149 242
150 242
152 242
153 242
156 242
158 242
162 242
0 243
2 243
5 243
8 243
10 243
11 243
12 243
13 243
14 243
16 243
17 243
18 243
20 243
23 243
26 243
32 243
33 243
35 243
41 243
42 243
44 243
45 243
50 243
53 243
54 243
57 243
58 243
64 243
68 243
76 243
80 243
86 243
88 243
90 243
95 243
96 243
102 243
106 243
107 243
111 243
113 243
121 243
124 243
130 243
135 243
136 243
140 243
141 243
142 243
143 243
144 243
146 243
149 243
151 243
152 243
153 243
155 243
161 243
165 243
166 243
0 244
2 244
6 244
11 244
13 244
15 244
16 244
17 244
27 244
32 244
34 244
38 244
41 244
46 244
48 244
53 244
61 244
62 244
64 244
65 244
69 244
72 244
75 244
77 244
78 244
79 244
82 244
83 244
84 244
87 244
93 244
94 244
96 244
98 244
104 244
105 244
108 244
113 244
114 244
115 244
119 244
124 244
126 244
127 244
128 244
130 244
131 244
132 244
136 244
146 244
158 244
1 245
3 245
7 245
8 245
11 245
12 245
14 245
15 245
20 245
31 245
33 245
37 245
38 245
42 245
43 245
44 245
45 245
47 245
54 245
55 245
62 245
70 245
72 245
73 245
74 245
79 245
84 245
85 245
86 245
89 245
91 245
95 245
98 245
99 245
100 245
105 245
109 245
111 245
115 245
126 245
127 245
129 245
133 245
143 245
144 245
146 245
149 245
153 245
154 245
156 245
163 245
164 245
166 245
3 246
5 246
7 246
9 246
13 246
15 246
16 246
21 246
23 246
25 246
26 246
39 246
41 246
44 246
46 246
47 246
48 246
49 246
53 246
57 246
64 246
65 246
66 246
71 246
72 246
73 246
87 246
88 246
92 246
94 246
95 246
101 246
104 246
109 246
115 246
116 246
120 246
121 246
122 246
126 246
130 246
131 246
133 246
134 246
138 246
139 246
150 246
152 246
160 246
161 246
166 246
0 247
2 247
3 247
4 247
5 247
11 247
12 247
16 247
23 247
26 247
29 247
37 247
49 247
53 247
54 247
69 247
71 247
72 247
73 247
75 247
76 247
77 247
94 247
99 247
102 247
103 247
104 247
106 247
109 247
110 247
112 247
124 247
126 247
132 247
133 247
136 247
139 247
140 247
142 247
143 247
144 247
148 247
151 247
152 247
155 247
156 247
158 247
159 247
163 247
164 247
2 248
4 248
5 248
7 248
9 248
11 248
19 248
20 248
21 248
25 248
26 248
29 248
31 248
32 248
42 248
46 248
52 248
55 248
58 248
61 248
62 248
64 248
69 248
70 248
76 248
77 248
79 248
87 248
88 248
90 248
96 248
102 248
104 248
106 248
107 248
116 248
120 248
121 248
122 248
124 248
125 248
129 248
131 248
133 248
134 248
136 248
137 248
138 248
140 248
141 248
145 248
147 248
148 248
149 248
152 248
153 248
154 248
157 248
160 248
164 248
165 248
166 248
4 249
6 249
7 249
12 249
13 249
16 249
17 249
20 249
21 249
28 249
29 249
31 249
32 249
34 249
40 249
41 249
47 249
48 249
56 249
69 249
70 249
71 249
72 249
76 249
79 249
80 249
81 249
82 249
85 249
87 249
92 249
93 249
94 249
95 249
100 249
101 249
103 249
109 249
111 249
112 249
115 249
119 249
122 249
123 249
124 249
125 249
126 249
127 249
128 249
131 249
132 249
133 249
142 249
144 249
150 249
151 249
152 249
153 249
154 249
155 249
156 249
157 249
163 249
164 249
0 250
4 250
5 250
7 250
8 250
11 250
12 250
17 250
25 250
26 250
30 250
32 250
33 250
38 250
40 250
41 250
49 250
51 250
53 250
55 250
56 250
59 250
61 250
65 250
66 250
67 250
69 250
72 250
73 250
75 250
77 250
78 250
80 250
87 250
89 250
90 250
95 250
96 250
101 250
104 250
106 250
108 250
109 250
110 250
112 250
113 250
117 250
118 250
122 250
128 250
140 250
142 250
147 250
151 250
153 250
157 250
158 250
160 250
1 251
2 251
8 251
11 251
13 251
15 251
19 251
21 251
27 251
30 251
35 251
39 251
41 251
47 251
52 251
54 251
58 251
59 251
62 251
64 251
66 251
76 251
78 251
79 251
86 251
87 251
88 251
90 251
91 251
92 251
93 251
94 251
95 251
98 251
103 251
104 251
106 251
107 251
116 251
117 251
119 251
120 251
121 251
124 251
126 251
127 251
129 251
130 251
135 251
137 251
138 251
139 251
140 251
141 251
143 251
150 251
153 251
155 251
158 251
159 251
161 251
162 251
164 251
165 251
166 251
2 252
5 252
10 252
11 252
15 252
22 252
25 252
26 252
30 252
31 252
34 252
37 252
38 252
40 252
43 252
44 252
47 252
49 252
50 252
52 252
54 252
57 252
61 252
63 252
68 252
70 252
72 252
80 252
82 252
86 252
88 252
96 252
98 252
99 252
100 252
102 252
111 252
112 252
114 252
115 252
116 252
119 252
120 252
122 252
125 252
126 252
133 252
138 252
140 252
144 252
154 252
162 252
164 252
2 253
5 253
7 253
9 253
10 253
11 253
12 253
15 253
18 253
29 253
30 253
35 253
37 253
39 253
40 253
41 253
42 253
47 253
50 253
53 253
54 253
55 253
56 253
60 253
67 253
69 253
70 253
72 253
73 253
78 253
79 253
81 253
84 253
86 253
87 253
90 253
91 253
92 253
94 253
96 253
103 253
106 253
110 253
122 253
124 253
128 253
129 253
130 253
131 253
136 253
137 253
139 253
140 253
146 253
147 253
149 253
151 253
152 253
154 253
156 253
157 253
164 253
166 253
5 254
8 254
9 254
10 254
11 254
22 254
23 254
27 254
33 254
35 254
37 254
41 254
44 254
46 254
48 254
49 254
55 254
56 254
59 254
60 254
62 254
63 254
68 254
69 254
74 254
79 254
80 254
81 254
87 254
89 254
93 254
95 254
105 254
107 254
109 254
114 254
116 254
117 254
118 254
121 254
123 254
124 254
130 254
132 254
136 254
137 254
139 254
140 254
141 254
143 254
146 254
147 254
148 254
149 254
152 254
154 254
157 254
160 254
161 254
0 255
2 255
3 255
5 255
9 255
21 255
22 255
23 255
25 255
32 255
40 255
47 255
48 255
49 255
53 255
54 255
57 255
59 255
60 255
61 255
64 255
65 255
75 255
82 255
85 255
87 255
90 255
93 255
97 255
99 255
101 255
108 255
117 255
119 255
120 255
122 255
123 255
124 255
125 255
127 255
128 255
130 255
133 255
139 255
140 255
141 255
142 255
150 255
151 255
157 255
158 255
4 256
9 256
12 256
18 256
20 256
22 256
24 256
28 256
32 256
33 256
35 256
36 256
37 256
45 256
48 256
52 256
54 256
60 256
65 256
85 256
87 256
89 256
92 256
94 256
99 256
100 256
101 256
103 256
105 256
107 256
110 256
111 256
113 256
114 256
115 256
117 256
118 256
121 256
122 256
123 256
124 256
127 256
131 256
132 256
134 256
135 256
136 256
139 256
142 256
143 256
145 256
147 256
161 256
163 256
165 256
166 256
1 257
3 257
7 257
13 257
21 257
24 257
25 257
28 257
29 257
30 257
32 257
33 257
40 257
44 257
46 257
49 257
50 257
55 257
56 257
70 257
71 257
75 257
80 257
81 257
86 257
88 257
93 257
97 257
108 257
109 257
112 257
114 257
119 257
121 257
123 257
124 257
127 257
132 257
134 257
136 257
141 257
143 257
145 257
146 257
148 257
156 257
158 257
161 257
164 257
165 257
166 257
1 258
2 258
3 258
15 258
16 258
19 258
24 258
25 258
27 258
30 258
31 258
32 258
33 258
34 258
38 258
40 258
51 258
54 258
57 258
60 258
61 258
62 258
69 258
70 258
71 258
74 258
75 258
78 258
79 258
80 258
82 258
87 258
89 258
96 258
97 258
99 258
100 258
104 258
112 258
117 258
120 258
122 258
124 258
127 258
131 258
135 258
136 258
141 258
143 258
148 258
152 258
153 258
156 258
158 258
159 258
160 258
161 258
162 258
163 258
2 259
4 259
5 259
9 259
12 259
15 259
21 259
25 259
27 259
28 259
31 259
34 259
37 259
50 259
52 259
56 259
73 259
74 259
76 259
80 259
85 259
87 259
89 259
90 259
96 259
98 259
99 259
100 259
102 259
105 259
107 259
110 259
115 259
118 259
122 259
125 259
126 259
127 259
128 259
132 259
140 259
142 259
146 259
149 259
150 259
151 259
152 259
154 259
156 259
163 259
164 259
165 259
0 260
2 260
3 260
12 260
16 260
18 260
20 260
21 260
23 260
26 260
30 260
32 260
36 260
47 260
51 260
53 260
61 260
66 260
71 260
74 260
76 260
77 260
80 260
81 260
91 260
100 260
105 260
106 260
107 260
108 260
110 260
112 260
114 260
115 260
116 260
120 260
122 260
123 260
126 260
127 260
130 260
131 260
135 260
140 260
142 260
144 260
146 260
148 260
149 260
160 260
161 260
162 260
0 261
2 261
3 261
6 261
13 261
14 261
15 261
17 261
21 261
23 261
26 261
32 261
33 261
34 261
38 261
39 261
40 261
42 261
44 261
47 261
53 261
54 261
60 261
65 261
71 261
72 261
74 261
76 261
78 261
79 261
82 261
83 261
85 261
89 261
99 261
100 261
101 261
104 261
105 261
107 261
108 261
109 261
115 261
122 261
124 261
127 261
129 261
132 261
133 261
142 261
146 261
149 261
150 261
153 261
155 261
157 261
162 261
163 261
164 261
165 261
166 261
0 262
3 262
7 262
11 262
22 262
24 262
27 262
29 262
39 262
44 262
46 262
47 262
49 262
50 262
51 262
52 262
55 262
56 262
57 262
61 262
64 262
66 262
67 262
70 262
74 262
77 262
78 262
80 262
81 262
83 262
85 262
86 262
88 262
93 262
96 262
97 262
98 262
99 262
102 262
104 262
106 262
109 262
113 262
115 262
116 262
118 262
119 262
123 262
140 262
143 262
146 262
150 262
151 262
0 263
2 263
7 263
9 263
12 263
13 263
14 263
15 263
17 263
18 263
23 263
27 263
28 263
31 263
34 263
36 263
37 263
40 263
42 263
43 263
44 263
57 263
59 263
62 263
63 263
66 263
67 263
68 263
69 263
72 263
76 263
77 263
81 263
85 263
87 263
90 263
94 263
95 263
96 263
98 263
103 263
104 263
110 263
113 263
114 263
117 263
125 263
131 263
132 263
133 263
137 263
138 263
141 263
143 263
146 263
148 263
149 263
152 263
153 263
154 263
155 263
159 263
164 263
166 263
0 264
7 264
9 264
10 264
12 264
26 264
31 264
33 264
35 264
37 264
39 264
51 264
54 264
62 264
65 264
67 264
72 264
73 264
81 264
83 264
88 264
89 264
90 264
91 264
92 264
93 264
94 264
96 264
98 264
99 264
100 264
101 264
103 264
105 264
106 264
109 264
116 264
118 264
119 264
120 264
125 264
127 264
131 264
137 264
141 264
147 264
155 264
159 264
161 264
162 264
164 264
165 264
166 264
2 265
8 265
10 265
12 265
16 265
23 265
28 265
31 265
32 265
37 265
39 265
40 265
41 265
51 265
55 265
56 265
58 265
59 265
60 265
64 265
67 265
68 265
72 265
73 265
77 265
79 265
83 265
87 265
88 265
89 265
90 265
93 265
94 265
102 265
110 265
115 265
117 265
118 265
120 265
121 265
122 265
123 265
124 265
125 265
126 265
129 265
130 265
132 265
135 265
136 265
138 265
139 265
140 265
142 265
145 265
147 265
151 265
152 265
154 265
158 265
164 265
165 265
2 266
7 266
8 266
13 266
18 266
22 266
23 266
24 266
27 266
29 266
31 266
32 266
33 266
36 266
41 266
45 266
48 266
50 266
51 266
53 266
54 266
59 266
61 266
66 266
67 266
69 266
72 266
75 266
83 266
86 266
87 266
91 266
92 266
93 266
95 266
100 266
101 266
106 266
112 266
117 266
119 266
124 266
128 266
130 266
134 266
137 266
139 266
145 266
146 266
148 266
149 266
151 266
154 266
160 266
162 266
165 266
1 267
7 267
8 267
10 267
18 267
19 267
20 267
21 267
24 267
25 267
26 267
28 267
35 267
36 267
40 267
43 267
44 267
46 267
49 267
51 267
55 267
56 267
57 267
58 267
59 267
61 267
68 267
72 267
74 267
79 267
85 267
89 267
96 267
104 267
105 267
107 267
114 267
126 267
128 267
129 267
131 267
137 267
143 267
147 267
148 267
149 267
161 267
162 267
166 267
0 268
5 268
6 268
8 268
14 268
15 268
17 268
25 268
31 268
32 268
33 268
39 268
41 268
42 268
43 268
46 268
48 268
50 268
53 268
55 268
57 268
60 268
64 268
68 268
69 268
71 268
72 268
73 268
78 268
82 268
84 268
90 268
92 268
93 268
95 268
97 268
99 268
100 268
108 268
111 268
113 268
114 268
116 268
117 268
123 268
125 268
128 268
129 268
130 268
131 268
136 268
137 268
138 268
140 268
141 268
144 268
150 268
151 268
156 268
159 268
161 268
162 268
164 268
2 269
5 269
7 269
15 269
18 269
21 269
23 269
29 269
31 269
33 269
35 269
37 269
38 269
40 269
44 269
48 269
49 269
52 269
60 269
63 269
79 269
82 269
92 269
95 269
96 269
99 269
102 269
104 269
106 269
108 269
109 269
114 269
116 269
117 269
118 269
122 269
123 269
132 269
135 269
140 269
143 269
144 269
146 269
148 269
150 269
152 269
153 269
165 269
1 270
4 270
6 270
14 270
15 270
18 270
19 270
23 270
25 270
27 270
29 270
31 270
32 270
35 270
38 270
40 270
46 270
51 270
52 270
59 270
60 270
61 270
74 270
76 270
79 270
80 270
83 270
84 270
85 270
87 270
89 270
93 270
104 270
105 270
106 270
107 270
108 270
109 270
111 270
113 270
118 270
119 270
121 270
122 270
123 270
127 270
130 270
132 270
134 270
138 270
142 270
143 270
162 270
166 270
3 271
4 271
9 271
16 271
20 271
22 271
24 271
31 271
33 271
36 271
40 271
44 271
46 271
49 271
57 271
59 271
61 271
62 271
65 271
67 271
68 271
69 271
75 271
79 271
82 271
89 271
93 271
103 271
104 271
109 271
115 271
116 271
117 271
122 271
123 271
126 271
127 271
128 271
130 271
132 271
134 271
135 271
136 271
137 271
139 271
143 271
145 271
149 271
152 271
156 271
163 271
164 271
0 272
3 272
4 272
7 272
15 272
16 272
21 272
24 272
25 272
27 272
29 272
31 272
33 272
36 272
39 272
42 272
43 272
45 272
48 272
49 272
50 272
52 272
53 272
55 272
60 272
61 272
64 272
66 272
72 272
78 272
79 272
80 272
84 272
86 272
91 272
95 272
97 272
98 272
100 272
104 272
105 272
106 272
109 272
110 272
113 272
114 272
117 272
120 272
122 272
123 272
125 272
129 272
131 272
132 272
136 272
137 272
145 272
148 272
149 272
155 272
156 272
159 272
163 272
164 272
1 273
5 273
6 273
11 273
12 273
15 273
16 273
24 273
31 273
36 273
38 273
39 273
40 273
41 273
42 273
45 273
48 273
50 273
51 273
52 273
55 273
57 273
60 273
62 273
64 273
67 273
70 273
76 273
79 273
82 273
88 273
90 273
92 273
94 273
96 273
97 273
102 273
108 273
111 273
116 273
117 273
118 273
122 273
126 273
129 273
133 273
136 273
139 273
140 273
141 273
153 273
157 273
161 273
163 273
165 273
1 274
5 274
9 274
12 274
13 274
15 274
19 274
23 274
25 274
27 274
28 274
33 274
43 274
45 274
47 274
48 274
52 274
55 274
56 274
59 274
67 274
71 274
73 274
74 274
76 274
77 274
78 274
79 274
82 274
84 274
87 274
94 274
95 274
101 274
106 274
110 274
112 274
124 274
127 274
128 274
129 274
132 274
133 274
135 274
139 274
140 274
148 274
153 274
155 274
157 274
161 274
162 274
163 274
165 274
0 275
8 275
11 275
12 275
20 275
22 275
23 275
27 275
34 275
36 275
37 275
42 275
43 275
50 275
53 275
54 275
55 275
59 275
64 275
75 275
76 275
77 275
81 275
83 275
84 275
85 275
91 275
97 275
103 275
104 275
105 275
109 275
111 275
114 275
117 275
119 275
120 275
122 275
123 275
125 275
127 275
128 275
129 275
131 275
143 275
144 275
145 275
147 275
149 275
151 275
154 275
158 275
159 275
162 275
166 275
1 276
6 276
8 276
10 276
12 276
13 276
14 276
18 276
19 276
20 276
24 276
26 276
29 276
37 276
41 276
44 276
45 276
46 276
49 276
53 276
61 276
63 276
64 276
65 276
71 276
73 276
75 276
79 276
81 276
83 276
86 276
87 276
88 276
100 276
103 276
106 276
109 276
110 276
113 276
118 276
133 276
134 276
139 276
140 276
141 276
144 276
145 276
154 276
165 276
4 277
5 277
6 277
10 277
13 277
14 277
17 277
19 277
20 277
21 277
22 277
35 277
37 277
38 277
40 277
41 277
44 277
52 277
58 277
61 277
62 277
68 277
71 277
72 277
73 277
78 277
82 277
83 277
85 277
93 277
94 277
96 277
99 277
101 277
102 277
107 277
108 277
112 277
113 277
115 277
119 277
120 277
124 277
126 277
129 277
131 277
136 277
140 277
143 277
149 277
3 278
5 278
10 278
12 278
18 278
19 278
22 278
25 278
26 278
27 278
28 278
31 278
32 278
36 278
40 278
42 278
43 278
44 278
49 278
50 278
51 278
54 278
55 278
61 278
62 278
63 278
65 278
68 278
70 278
73 278
76 278
77 278
81 278
83 278
84 278
85 278
87 278
89 278
90 278
91 278
92 278
96 278
101 278
102 278
103 278
104 278
108 278
111 278
113 278
116 278
119 278
123 278
126 278
131 278
138 278
141 278
144 278
148 278
149 278
150 278
151 278
152 278
164 278
165 278
5 279
6 279
7 279
11 279
14 279
18 279
19 279
22 279
26 279
27 279
31 279
32 279
35 279
38 279
39 279
41 279
42 279
43 279
48 279
49 279
50 279
53 279
54 279
55 279
57 279
63 279
65 279
68 279
73 279
76 279
78 279
81 279
91 279
92 279
96 279
98 279
101 279
104 279
115 279
118 279
119 279
121 279
123 279
127 279
129 279
135 279
137 279
142 279
144 279
145 279
147 279
154 279
158 279
160 279
165 279
166 279
1 280
2 280
3 280
6 280
7 280
12 280
16 280
21 280
25 280
29 280
33 280
35 280
40 280
41 280
42 280
43 280
48 280
49 280
51 280
54 280
57 280
58 280
60 280
63 280
66 280
72 280
78 280
80 280
81 280
86 280
87 280
88 280
91 280
92 280
98 280
101 280
102 280
104 280
108 280
112 280
119 280
120 280
122 280
127 280
137 280
139 280
142 280
145 280
146 280
148 280
149 280
152 280
155 280
156 280
163 280
166 280
1 281
2 281
5 281
8 281
10 281
11 281
12 281
20 281
25 281
28 281
29 281
31 281
33 281
34 281
35 281
42 281
45 281
49 281
51 281
54 281
55 281
59 281
61 281
62 281
67 281
70 281
73 281
74 281
76 281
80 281
82 281
83 281
89 281
90 281
92 281
93 281
94 281
95 281
96 281
100 281
102 281
105 281
106 281
110 281
112 281
115 281
118 281
123 281
125 281
128 281
133 281
135 281
137 281
138 281
139 281
145 281
147 281
149 281
151 281
155 281
0 282
5 282
9 282
10 282
16 282
17 282
18 282
21 282
31 282
32 282
37 282
38 282
40 282
44 282
46 282
48 282
49 282
51 282
56 282
57 282
59 282
63 282
66 282
72 282
73 282
80 282
83 282
84 282
86 282
90 282
95 282
97 282
98 282
102 282
103 282
106 282
107 282
109 282
112 282
114 282
116 282
118 282
121 282
122 282
124 282
126 282
127 282
128 282
132 282
135 282
141 282
142 282
145 282
147 282
148 282
149 282
154 282
155 282
160 282
161 282
165 282
0 283
14 283
15 283
16 283
21 283
24 283
27 283
33 283
37 283
41 283
42 283
44 283
45 283
47 283
52 283
53 283
55 283
60 283
63 283
68 283
74 283
79 283
82 283
84 283
86 283
87 283
91 283
92 283
93 283
94 283
96 283
97 283
101 283
106 283
107 283
108 283
114 283
116 283
117 283
118 283
119 283
120 283
122 283
127 283
141 283
143 283
152 283
161 283
162 283
163 283
164 283
0 284
2 284
3 284
5 284
12 284
14 284
15 284
16 284
19 284
21 284
25 284
26 284
27 284
28 284
30 284
31 284
33 284
39 284
41 284
43 284
52 284
54 284
55 284
56 284
60 284
70 284
71 284
75 284
76 284
79 284
82 284
83 284
89 284
90 284
92 284
97 284
98 284
99 284
101 284
102 284
107 284
111 284
112 284
113 284
114 284
120 284
121 284
126 284
132 284
133 284
139 284
141 284
147 284
148 284
149 284
151 284
152 284
153 284
156 284
159 284
160 284
162 284
0 285
1 285
2 285
4 285
6 285
7 285
9 285
10 285
14 285
15 285
16 285
18 285
19 285
23 285
28 285
31 285
36 285
37 285
39 285
42 285
45 285
46 285
47 285
48 285
49 285
51 285
58 285
59 285
60 285
64 285
68 285
69 285
71 285
73 285
74 285
78 285
81 285
84 285
85 285
86 285
87 285
88 285
94 285
96 285
99 285
104 285
107 285
114 285
122 285
123 285
125 285
126 285
127 285
128 285
130 285
134 285
135 285
136 285
139 285
141 285
146 285
148 285
152 285
153 285
154 285
9 286
14 286
17 286
25 286
26 286
27 286
29 286
32 286
36 286
45 286
49 286
50 286
61 286
64 286
73 286
74 286
77 286
78 286
79 286
84 286
86 286
92 286
97 286
99 286
100 286
101 286
104 286
105 286
108 286
109 286
113 286
120 286
122 286
123 286
124 286
127 286
128 286
132 286
133 286
139 286
147 286
148 286
150 286
152 286
154 286
155 286
156 286
158 286
159 286
160 286
161 286
162 286
165 286
166 286
4 287
7 287
8 287
9 287
10 287
15 287
21 287
22 287
25 287
30 287
31 287
32 287
33 287
35 287
40 287
41 287
44 287
45 287
48 287
49 287
54 287
55 287
56 287
57 287
65 287
66 287
67 287
70 287
74 287
76 287
81 287
82 287
84 287
86 287
87 287
89 287
91 287
93 287
96 287
101 287
102 287
114 287
116 287
117 287
119 287
122 287
123 287
128 287
130 287
135 287
141 287
142 287
143 287
145 287
148 287
153 287
154 287
156 287
160 287
162 287
164 287
165 287
0 288
3 288
5 288
6 288
9 288
10 288
11 288
12 288
16 288
23 288
32 288
34 288
41 288
45 288
46 288
49 288
55 288
57 288
59 288
62 288
65 288
69 288
71 288
74 288
78 288
79 288
80 288
81 288
84 288
85 288
87 288
88 288
91 288
96 288
105 288
109 288
117 288
122 288
123 288
127 288
129 288
134 288
135 288
136 288
137 288
138 288
140 288
141 288
142 288
143 288
146 288
151 288
155 288
157 288
162 288
166 288
5 289
6 289
7 289
14 289
15 289
16 289
17 289
18 289
23 289
24 289
31 289
35 289
41 289
53 289
56 289
64 289
65 289
66 289
69 289
73 289
74 289
80 289
83 289
86 289
88 289
89 289
90 289
91 289
93 289
94 289
95 289
96 289
97 289
101 289
102 289
103 289
104 289
105 289
106 289
107 289
110 289
111 289
112 289
114 289
116 289
119 289
125 289
126 289
129 289
131 289
136 289
138 289
139 289
146 289
147 289
153 289
157 289
160 289
162 289
163 289
2 290
4 290
5 290
6 290
13 290
21 290
23 290
25 290
37 290
40 290
42 290
43 290
44 290
46 290
48 290
56 290
57 290
61 290
63 290
64 290
70 290
72 290
73 290
74 290
77 290
79 290
83 290
86 290
87 290
89 290
90 290
91 290
92 290
97 290
106 290
107 290
109 290
111 290
115 290
117 290
118 290
119 290
123 290
127 290
129 290
131 290
135 290
138 290
139 290
141 290
142 290
147 290
148 290
149 290
154 290
155 290
156 290
162 290
163 290
0 291
1 291
3 291
6 291
14 291
17 291
32 291
37 291
39 291
42 291
43 291
44 291
50 291
52 291
60 291
61 291
64 291
66 291
71 291
73 291
74 291
76 291
81 291
87 291
90 291
98 291
99 291
100 291
101 291
106 291
111 291
115 291
116 291
120 291
121 291
127 291
128 291
132 291
133 291
135 291
137 291
138 291
141 291
142 291
145 291
149 291
150 291
151 291
152 291
154 291
157 291
163 291
3 292
14 292
17 292
19 292
26 292
29 292
31 292
39 292
40 292
44 292
46 292
50 292
52 292
58 292
62 292
69 292
72 292
75 292
77 292
82 292
84 292
87 292
91 292
99 292
100 292
101 292
103 292
104 292
105 292
111 292
114 292
120 292
121 292
124 292
125 292
131 292
135 292
138 292
141 292
143 292
144 292
149 292
158 292
160 292
164 292
165 292
9 293
13 293
15 293
18 293
28 293
29 293
35 293
36 293
43 293
44 293
48 293
49 293
50 293
54 293
56 293
57 293
64 293
70 293
72 293
75 293
77 293
81 293
86 293
88 293
95 293
96 293
97 293
98 293
102 293
110 293
111 293
114 293
117 293
119 293
121 293
123 293
128 293
130 293
131 293
137 293
139 293
141 293
143 293
144 293
145 293
149 293
150 293
152 293
155 293
156 293
158 293
159 293
161 293
5 294
8 294
9 294
10 294
16 294
19 294
21 294
24 294
32 294
41 294
45 294
46 294
56 294
57 294
59 294
60 294
65 294
67 294
78 294
81 294
83 294
85 294
86 294
88 294
93 294
98 294
99 294
100 294
102 294
103 294
104 294
105 294
111 294
113 294
115 294
116 294
117 294
118 294
119 294
120 294
121 294
123 294
131 294
134 294
136 294
138 294
144 294
145 294
148 294
149 294
151 294
152 294
153 294
155 294
157 294
161 294
163 294
164 294
0 295
2 295
3 295
4 295
5 295
6 295
9 295
10 295
12 295
15 295
17 295
18 295
22 295
23 295
27 295
28 295
30 295
32 295
33 295
35 295
37 295
44 295
45 295
47 295
55 295
56 295
58 295
71 295
72 295
76 295
77 295
81 295
85 295
87 295
88 295
90 295
93 295
99 295
100 295
103 295
110 295
111 295
125 295
126 295
129 295
133 295
136 295
140 295
149 295
150 295
152 295
155 295
160 295
162 295
164 295
165 295
166 295
0 296
2 296
5 296
6 296
10 296
13 296
20 296
21 296
22 296
23 296
25 296
27 296
31 296
32 296
33 296
38 296
39 296
41 296
42 296
45 296
49 296
50 296
51 296
54 296
55 296
56 296
61 296
63 296
65 296
68 296
69 296
72 296
74 296
77 296
79 296
84 296
85 296
86 296
89 296
90 296
94 296
98 296
100 296
104 296
106 296
110 296
112 296
113 296
115 296
116 296
120 296
121 296
122 296
123 296
124 296
131 296
132 296
133 296
139 296
142 296
143 296
147 296
149 296
156 296
157 296
160 296
162 296
163 296
164 296
0 297
2 297
5 297
7 297
10 297
13 297
20 297
22 297
23 297
25 297
28 297
30 297
31 297
44 297
46 297
47 297
50 297
54 297
60 297
61 297
64 297
65 297
67 297
73 297
74 297
75 297
77 297
80 297
83 297
85 297
86 297
88 297
96 297
98 297
100 297
101 297
105 297
107 297
108 297
111 297
113 297
114 297
117 297
120 297
123 297
124 297
125 297
128 297
129 297
134 297
137 297
138 297
142 297
148 297
150 297
154 297
156 297
157 297
158 297
160 297
162 297
165 297
166 297
0 298
3 298
5 298
9 298
14 298
15 298
16 298
22 298
23 298
24 298
29 298
37 298
39 298
40 298
41 298
42 298
44 298
46 298
50 298
51 298
53 298
61 298
63 298
68 298
72 298
74 298
76 298
81 298
85 298
86 298
87 298
93 298
97 298
98 298
99 298
100 298
101 298
103 298
105 298
106 298
108 298
109 298
114 298
115 298
116 298
117 298
120 298
121 298
126 298
127 298
129 298
135 298
139 298
140 298
144 298
145 298
146 298
149 298
152 298
155 298
157 298
163 298
0 299
2 299
9 299
17 299
21 299
24 299
29 299
30 299
32 299
36 299
41 299
48 299
49 299
52 299
53 299
54 299
57 299
58 299
60 299
61 299
68 299
69 299
71 299
72 299
75 299
82 299
86 299
89 299
90 299
91 299
94 299
95 299
98 299
102 299
107 299
108 299
109 299
111 299
114 299
115 299
120 299
122 299
123 299
124 299
126 299
127 299
130 299
132 299
135 299
136 299
143 299
147 299
149 299
151 299
153 299
156 299
159 299
161 299
163 299
164 299
1 300
5 300
7 300
9 300
11 300
17 300
18 300
28 300
29 300
32 300
39 300
42 300
45 300
46 300
51 300
56 300
58 300
66 300
68 300
71 300
74 300
78 300
79 300
83 300
89 300
95 300
98 300
101 300
104 300
106 300
107 300
110 300
112 300
113 300
117 300
121 300
122 300
123 300
128 300
130 300
132 300
134 300
135 300
139 300
144 300
146 300
147 300
150 300
158 300
161 300
166 300
6 301
7 301
9 301
13 301
16 301
18 301
19 301
27 301
28 301
33 301
35 301
38 301
39 301
45 301
47 301
48 301
50 301
53 301
54 301
57 301
58 301
62 301
63 301
66 301
67 301
68 301
69 301
70 301
74 301
78 301
79 301
82 301
84 301
85 301
91 301
92 301
96 301
98 301
99 301
102 301
104 301
109 301
110 301
113 301
115 301
116 301
117 301
118 301
123 301
125 301
126 301
130 301
132 301
133 301
135 301
137 301
139 301
141 301
144 301
146 301
148 301
153 301
164 301
165 301
0 302
5 302
7 302
8 302
9 302
10 302
14 302
16 302
23 302
26 302
29 302
30 302
33 302
35 302
37 302
38 302
45 302
46 302
47 302
49 302
52 302
56 302
57 302
58 302
59 302
63 302
64 302
67 302
70 302
72 302
77 302
79 302
81 302
85 302
86 302
87 302
88 302
93 302
95 302
97 302
99 302
101 302
102 302
104 302
107 302
111 302
114 302
123 302
125 302
136 302
139 302
140 302
145 302
157 302
160 302
161 302
164 302
165 302
166 302
2 303
7 303
8 303
14 303
18 303
21 303
22 303
23 303
25 303
27 303
30 303
35 303
36 303
42 303
45 303
46 303
49 303
58 303
60 303
62 303
64 303
65 303
68 303
71 303
74 303
76 303
77 303
79 303
81 303
82 303
84 303
88 303
89 303
92 303
94 303
98 303
102 303
103 303
105 303
110 303
111 303
118 303
119 303
122 303
123 303
125 303
126 303
128 303
130 303
136 303
139 303
140 303
144 303
146 303
148 303
150 303
151 303
152 303
153 303
155 303
156 303
163 303
0 304
3 304
10 304
14 304
15 304
21 304
22 304
23 304
24 304
28 304
32 304
34 304
35 304
36 304
38 304
41 304
47 304
51 304
54 304
56 304
58 304
61 304
65 304
73 304
77 304
81 304
84 304
87 304
89 304
91 304
92 304
93 304
97 304
99 304
103 304
105 304
110 304
113 304
114 304
117 304
118 304
120 304
124 304
125 304
127 304
131 304
132 304
133 304
135 304
139 304
141 304
142 304
146 304
152 304
159 304
160 304
162 304
164 304
165 304
0 305
10 305
11 305
12 305
13 305
15 305
17 305
18 305
21 305
22 305
23 305
37 305
47 305
48 305
50 305
58 305
61 305
64 305
68 305
69 305
70 305
75 305
76 305
77 305
82 305
85 305
87 305
88 305
93 305
95 305
100 305
107 305
108 305
113 305
116 305
117 305
118 305
119 305
124 305
126 305
127 305
131 305
132 305
133 305
134 305
135 305
142 305
145 305
147 305
150 305
151 305
152 305
153 305
154 305
158 305
162 305
164 305
166 305
1 306
2 306
7 306
8 306
9 306
10 306
13 306
18 306
20 306
21 306
24 306
25 306
27 306
28 306
29 306
34 306
37 306
39 306
41 306
47 306
49 306
50 306
51 306
53 306
55 306
58 306
62 306
64 306
67 306
70 306
72 306
74 306
75 306
77 306
81 306
83 306
85 306
87 306
93 306
94 306
97 306
100 306
101 306
102 306
107 306
116 306
117 306
119 306
120 306
121 306
125 306
127 306
136 306
138 306
139 306
140 306
141 306
142 306
144 306
148 306
150 306
151 306
152 306
155 306
162 306
163 306
165 306
166 306
0 307
10 307
11 307
14 307
19 307
23 307
25 307
26 307
28 307
33 307
34 307
36 307
39 307
40 307
41 307
43 307
46 307
58 307
62 307
63 307
67 307
68 307
69 307
74 307
77 307
81 307
86 307
90 307
94 307
96 307
98 307
99 307
101 307
105 307
111 307
112 307
113 307
116 307
118 307
119 307
120 307
123 307
129 307
135 307
137 307
138 307
142 307
150 307
153 307
156 307
159 307
160 307
162 307
163 307
164 307
166 307
5 308
7 308
8 308
12 308
18 308
25 308
26 308
28 308
30 308
31 308
32 308
34 308
40 308
41 308
42 308
45 308
49 308
51 308
54 308
57 308
59 308
68 308
69 308
70 308
75 308
83 308
84 308
85 308
86 308
87 308
89 308
90 308
91 308
94 308
95 308
100 308
102 308
104 308
109 308
110 308
113 308
114 308
115 308
116 308
119 308
123 308
125 308
126 308
127 308
129 308
140 308
142 308
144 308
146 308
148 308
149 308
150 308
2 309
3 309
5 309
9 309
10 309
13 309
17 309
18 309
24 309
26 309
29 309
30 309
39 309
40 309
41 309
47 309
50 309
54 309
58 309
67 309
69 309
72 309
73 309
75 309
76 309
78 309
84 309
89 309
90 309
92 309
93 309
96 309
100 309
105 309
107 309
110 309
112 309
117 309
119 309
120 309
122 309
123 309
124 309
132 309
133 309
143 309
144 309
145 309
147 309
148 309
158 309
3 310
8 310
11 310
12 310
14 310
15 310
18 310
20 310
25 310
27 310
29 310
30 310
36 310
38 310
42 310
43 310
45 310
46 310
50 310
54 310
55 310
59 310
63 310
72 310
73 310
74 310
76 310
77 310
78 310
79 310
85 310
88 310
90 310
97 310
104 310
105 310
110 310
114 310
116 310
122 310
128 310
136 310
140 310
143 310
144 310
146 310
148 310
152 310
159 310
163 310
164 310
165 310
0 311
2 311
5 311
8 311
11 311
12 311
21 311
26 311
29 311
34 311
36 311
40 311
41 311
44 311
45 311
46 311
47 311
48 311
50 311
51 311
58 311
60 311
62 311
63 311
64 311
65 311
68 311
69 311
72 311
75 311
76 311
78 311
81 311
82 311
85 311
87 311
90 311
93 311
95 311
96 311
99 311
101 311
104 311
105 311
106 311
108 311
111 311
112 311
113 311
114 311
115 311
117 311
120 311
122 311
127 311
130 311
134 311
136 311
138 311
139 311
142 311
147 311
151 311
152 311
156 311
158 311
161 311
162 311
164 311
0 312
1 312
2 312
5 312
8 312
13 312
15 312
16 312
17 312
21 312
22 312
25 312
26 312
28 312
29 312
37 312
40 312
44 312
49 312
50 312
51 312
53 312
60 312
62 312
63 312
64 312
66 312
71 312
73 312
76 312
78 312
79 312
84 312
86 312
89 312
93 312
98 312
99 312
104 312
108 312
109 312
114 312
123 312
124 312
126 312
131 312
133 312
135 312
136 312
137 312
142 312
143 312
156 312
162 312
164 312
0 313
2 313
3 313
7 313
9 313
11 313
13 313
14 313
19 313
20 313
23 313
24 313
30 313
31 313
35 313
36 313
40 313
42 313
46 313
47 313
48 313
51 313
52 313
54 313
56 313
59 313
61 313
69 313
70 313
73 313
78 313
84 313
88 313
89 313
91 313
93 313
95 313
96 313
97 313
101 313
110 313
112 313
113 313
114 313
116 313
119 313
130 313
134 313
136 313
139 313
145 313
147 313
153 313
155 313
164 313
166 313
3 314
4 314
7 314
23 314
26 314
27 314
28 314
31 314
33 314
34 314
36 314
46 314
47 314
48 314
51 314
55 314
59 314
61 314
64 314
66 314
67 314
69 314
72 314
73 314
75 314
79 314
83 314
84 314
91 314
94 314
98 314
99 314
105 314
111 314
113 314
115 314
118 314
120 314
121 314
125 314
126 314
128 314
134 314
143 314
145 314
150 314
152 314
161 314
162 314
164 314
166 314
4 315
5 315
7 315
10 315
11 315
23 315
24 315
26 315
28 315
30 315
31 315
34 315
35 315
38 315
41 315
43 315
47 315
48 315
49 315
51 315
54 315
62 315
63 315
71 315
72 315
76 315
77 315
79 315
83 315
84 315
85 315
92 315
95 315
96 315
99 315
101 315
106 315
107 315
108 315
111 315
112 315
116 315
121 315
122 315
124 315
129 315
138 315
142 315
150 315
151 315
152 315
153 315
154 315
157 315
160 315
161 315
0 316
1 316
2 316
7 316
9 316
12 316
13 316
18 316
28 316
29 316
30 316
32 316
33 316
37 316
40 316
54 316
55 316
61 316
62 316
63 316
66 316
67 316
69 316
70 316
73 316
75 316
76 316
77 316
85 316
94 316
110 316
112 316
115 316
116 316
120 316
121 316
125 316
128 316
129 316
131 316
132 316
135 316
136 316
139 316
142 316
143 316
146 316
147 316
150 316
154 316
157 316
159 316
162 316
164 316
1 317
3 317
8 317
12 317
19 317
20 317
21 317
22 317
25 317
29 317
32 317
36 317
37 317
41 317
42 317
46 317
48 317
50 317
51 317
52 317
58 317
63 317
66 317
68 317
70 317
72 317
75 317
78 317
80 317
82 317
84 317
86 317
90 317
93 317
94 317
102 317
103 317
104 317
105 317
119 317
120 317
123 317
127 317
133 317
134 317
136 317
139 317
147 317
148 317
150 317
151 317
153 317
155 317
162 317
3 318
4 318
5 318
7 318
9 318
10 318
12 318
17 318
18 318
19 318
21 318
22 318
24 318
26 318
29 318
32 318
37 318
39 318
40 318
42 318
43 318
46 318
58 318
61 318
62 318
64 318
67 318
69 318
70 318
71 318
77 318
78 318
80 318
82 318
84 318
86 318
88 318
93 318
94 318
97 318
98 318
104 318
111 318
116 318
120 318
126 318
131 318
136 318
143 318
144 318
147 318
148 318
150 318
161 318
162 318
4 319
6 319
7 319
8 319
10 319
20 319
22 319
24 319
25 319
27 319
28 319
33 319
34 319
35 319
36 319
37 319
39 319
42 319
48 319
51 319
57 319
60 319
61 319
65 319
67 319
71 319
75 319
77 319
78 319
79 319
81 319
85 319
88 319
91 319
95 319
97 319
98 319
99 319
102 319
103 319
106 319
108 319
109 319
113 319
114 319
125 319
126 319
132 319
133 319
137 319
139 319
140 319
141 319
144 319
148 319
153 319
155 319
159 319
160 319
162 319
166 319
0 320
7 320
8 320
9 320
13 320
18 320
23 320
28 320
30 320
33 320
35 320
43 320
44 320
46 320
48 320
50 320
56 320
61 320
62 320
63 320
72 320
74 320
75 320
81 320
84 320
89 320
91 320
93 320
94 320
95 320
101 320
104 320
108 320
110 320
112 320
113 320
114 320
118 320
124 320
126 320
130 320
131 320
138 320
139 320
144 320
146 320
147 320
151 320
159 320
162 320
164 320
5 321
7 321
10 321
15 321
19 321
21 321
25 321
30 321
33 321
35 321
36 321
38 321
41 321
45 321
46 321
48 321
51 321
54 321
57 321
58 321
64 321
67 321
70 321
74 321
75 321
80 321
84 321
87 321
91 321
94 321
95 321
97 321
107 321
110 321
112 321
118 321
120 321
121 321
132 321
133 321
136 321
141 321
144 321
146 321
147 321
148 321
151 321
152 321
156 321
158 321
159 321
160 321
165 321
3 322
5 322
7 322
8 322
10 322
11 322
19 322
21 322
23 322
26 322
27 322
28 322
34 322
39 322
44 322
48 322
49 322
50 322
53 322
54 322
55 322
57 322
60 322
61 322
65 322
66 322
67 322
68 322
76 322
79 322
80 322
83 322
84 322
86 322
88 322
92 322
94 322
95 322
96 322
102 322
106 322
110 322
113 322
119 322
123 322
124 322
126 322
128 322
131 322
133 322
136 322
139 322
140 322
141 322
143 322
147 322
148 322
151 322
152 322
154 322
155 322
156 322
158 322
0 323
1 323
2 323
8 323
12 323
14 323
26 323
27 323
28 323
29 323
30 323
33 323
34 323
35 323
36 323
40 323
46 323
50 323
52 323
53 323
54 323
55 323
56 323
59 323
64 323
65 323
66 323
71 323
76 323
77 323
78 323
79 323
82 323
89 323
92 323
98 323
99 323
100 323
101 323
106 323
112 323
113 323
114 323
115 323
121 323
126 323
129 323
132 323
133 323
134 323
135 323
136 323
142 323
143 323
145 323
146 323
150 323
151 323
153 323
154 323
156 323
159 323
160 323
164 323
165 323
3 324
12 324
15 324
16 324
17 324
25 324
30 324
32 324
37 324
38 324
40 324
43 324
53 324
58 324
59 324
62 324
63 324
64 324
65 324
67 324
72 324
77 324
79 324
86 324
89 324
91 324
92 324
94 324
98 324
102 324
103 324
107 324
110 324
112 324
114 324
116 324
120 324
121 324
135 324
139 324
140 324
141 324
143 324
144 324
145 324
152 324
153 324
158 324
163 324
164 324
1 325
3 325
4 325
5 325
6 325
9 325
12 325
13 325
14 325
20 325
23 325
24 325
25 325
27 325
31 325
34 325
35 325
36 325
37 325
39 325
44 325
46 325
47 325
48 325
51 325
54 325
58 325
60 325
71 325
76 325
78 325
80 325
85 325
86 325
89 325
90 325
95 325
96 325
100 325
101 325
105 325
107 325
111 325
113 325
115 325
118 325
120 325
122 325
125 325
130 325
131 325
139 325
146 325
147 325
152 325
157 325
159 325
161 325
162 325
165 325
166 325
0 326
1 326
8 326
11 326
15 326
20 326
21 326
23 326
26 326
31 326
32 326
35 326
39 326
44 326
46 326
47 326
48 326
53 326
54 326
57 326
64 326
68 326
77 326
78 326
79 326
83 326
84 326
85 326
87 326
88 326
90 326
92 326
96 326
101 326
114 326
115 326
117 326
118 326
120 326
122 326
123 326
129 326
130 326
131 326
133 326
135 326
136 326
137 326
139 326
140 326
141 326
142 326
145 326
149 326
150 326
151 326
152 326
155 326
157 326
160 326
163 326
166 326
1 327
3 327
7 327
15 327
18 327
21 327
22 327
23 327
25 327
28 327
29 327
35 327
37 327
40 327
41 327
43 327
46 327
52 327
53 327
56 327
57 327
60 327
64 327
65 327
66 327
68 327
71 327
72 327
76 327
79 327
80 327
81 327
83 327
84 327
89 327
92 327
94 327
95 327
105 327
110 327
112 327
114 327
115 327
121 327
131 327
139 327
141 327
146 327
147 327
154 327
155 327
157 327
159 327
162 327
163 327
1 328
4 328
5 328
8 328
12 328
13 328
17 328
19 328
25 328
26 328
28 328
36 328
38 328
40 328
41 328
44 328
46 328
48 328
50 328
52 328
57 328
66 328
68 328
70 328
75 328
78 328
81 328
83 328
89 328
90 328
91 328
95 328
99 328
101 328
106 328
107 328
109 328
113 328
115 328
117 328
126 328
127 328
132 328
133 328
134 328
137 328
139 328
140 328
142 328
146 328
147 328
152 328
155 328
156 328
157 328
163 328
164 328
3 329
8 329
11 329
12 329
17 329
18 329
19 329
20 329
21 329
27 329
29 329
31 329
35 329
40 329
42 329
47 329
49 329
53 329
54 329
57 329
62 329
70 329
71 329
74 329
76 329
81 329
82 329
83 329
84 329
88 329
91 329
93 329
96 329
100 329
101 329
102 329
104 329
111 329
112 329
114 329
120 329
122 329
123 329
128 329
134 329
143 329
147 329
148 329
149 329
151 329
156 329
158 329
162 329
163 329
0 330
4 330
7 330
12 330
13 330
18 330
22 330
24 330
25 330
26 330
30 330
32 330
33 330
36 330
41 330
46 330
47 330
49 330
59 330
61 330
65 330
67 330
68 330
77 330
78 330
79 330
81 330
85 330
86 330
87 330
89 330
91 330
93 330
95 330
99 330
101 330
114 330
115 330
116 330
120 330
123 330
128 330
130 330
133 330
134 330
135 330
139 330
141 330
146 330
151 330
152 330
153 330
154 330
161 330
3 331
5 331
13 331
14 331
15 331
20 331
22 331
23 331
24 331
27 331
29 331
30 331
45 331
60 331
65 331
68 331
72 331
73 331
77 331
82 331
84 331
85 331
86 331
87 331
90 331
92 331
93 331
103 331
108 331
113 331
114 331
116 331
119 331
122 331
126 331
129 331
131 331
132 331
134 331
135 331
137 331
138 331
139 331
144 331
147 331
149 331
150 331
153 331
155 331
162 331
2 332
3 332
6 332
8 332
11 332
12 332
15 332
23 332
26 332
27 332
29 332
30 332
37 332
38 332
39 332
43 332
44 332
46 332
49 332
51 332
52 332
56 332
58 332
59 332
62 332
66 332
68 332
69 332
71 332
72 332
73 332
76 332
77 332
79 332
84 332
85 332
89 332
92 332
97 332
98 332
99 332
100 332
101 332
105 332
112 332
117 332
118 332
124 332
132 332
134 332
135 332
138 332
143 332
145 332
151 332
153 332
156 332
158 332
159 332
163 332
1 333
3 333
5 333
8 333
9 333
12 333
15 333
16 333
17 333
18 333
20 333
23 333
25 333
26 333
29 333
30 333
32 333
35 333
38 333
40 333
42 333
43 333
44 333
48 333
49 333
50 333
51 333
55 333
56 333
61 333
62 333
65 333
66 333
71 333
72 333
73 333
74 333
82 333
84 333
85 333
89 333
94 333
97 333
98 333
99 333
100 333
102 333
103 333
106 333
109 333
115 333
117 333
119 333
121 333
122 333
124 333
128 333
131 333
134 333
137 333
138 333
139 333
141 333
142 333
146 333
151 333
156 333
159 333
162 333
163 333
